<?xml version="1.0"?>
<opencv_storage>
<homografia_opt0002 type_id="opencv-matrix">
<rows>3</rows>
<cols>3</cols>
<dt>f</dt>
<data>
 1.032962e+00 1.816138e-02 -1.479958e+02 -3.628289e-03
1.014531e+00 8.578063e+00 4.941353e-05 7.621280e-05 1.000000e+00 </data></homografia_opt0002>
</opencv_storage>