<?xml version="1.0"?>
<opencv_storage>
<cumhom0014 type_id="opencv-matrix">
  <rows>3</rows>
  <cols>3</cols>
  <dt>f</dt>
  <data>
    9.61368442e-01 4.36137289e-01 -6.42536926e+01 -2.32192546e-01
    9.62721348e-01 7.24177704e+01 2.29169091e-05 -2.38600728e-06
    9.99360979e-01</data></cumhom0014>
</opencv_storage>
