<?xml version="1.0"?>
<opencv_storage>
<cumhom0009 type_id="opencv-matrix">
  <rows>3</rows>
  <cols>3</cols>
  <dt>f</dt>
  <data>
    9.92009282e-01 2.60880321e-01 -4.39733963e+01 -1.42958656e-01
    9.97755051e-01 3.80722809e+01 2.18633868e-05 2.41932157e-05
    9.99366701e-01</data></cumhom0009>
</opencv_storage>
