<?xml version="1.0"?>
<opencv_storage>
<cumhom0064 type_id="opencv-matrix">
  <rows>3</rows>
  <cols>3</cols>
  <dt>f</dt>
  <data>
    1.23468406e-01 1.31862605e+00 -1.39291428e+02 -7.32431114e-01
    1.72847375e-01 4.75559082e+02 -1.33113746e-04 6.29999704e-05
    1.02881360e+00</data></cumhom0064>
</opencv_storage>
