<?xml version="1.0"?>
<opencv_storage>
<cumhom0044 type_id="opencv-matrix">
  <rows>3</rows>
  <cols>3</cols>
  <dt>f</dt>
  <data>
    5.52473128e-01 1.13929176e+00 -2.31202499e+02 -6.21877611e-01
    5.73615491e-01 2.81690369e+02 -1.37711286e-05 1.74165980e-04
    9.92342234e-01</data></cumhom0044>
</opencv_storage>
