<?xml version="1.0"?>
<opencv_storage>
<cumhom0002 type_id="opencv-matrix">
  <rows>3</rows>
  <cols>3</cols>
  <dt>f</dt>
  <data>
    9.98225749e-01 3.77967842e-02 -5.77371073e+00 -2.01837718e-02
    1.00048685e+00 3.68944860e+00 -5.86164742e-06 8.64100548e-06 1.</data></cumhom0002>
</opencv_storage>
