<?xml version="1.0"?>
<opencv_storage>
<cumhom0041 type_id="opencv-matrix">
  <rows>3</rows>
  <cols>3</cols>
  <dt>f</dt>
  <data>
    5.96222758e-01 1.09753263e+00 -2.26074066e+02 -5.95569551e-01
    6.00242257e-01 2.46817612e+02 -3.38725658e-06 1.08120948e-04
    9.90043700e-01</data></cumhom0041>
</opencv_storage>
