<?xml version="1.0"?>
<opencv_storage>
<cumhom0059 type_id="opencv-matrix">
  <rows>3</rows>
  <cols>3</cols>
  <dt>f</dt>
  <data>
    2.10643202e-01 1.30230308e+00 -1.38006897e+02 -7.21226513e-01
    2.43751600e-01 4.40350891e+02 -1.24930841e-04 7.48284801e-05
    1.02227306e+00</data></cumhom0059>
</opencv_storage>
