<?xml version="1.0"?>
<opencv_storage>
<cumhom0042 type_id="opencv-matrix">
  <rows>3</rows>
  <cols>3</cols>
  <dt>f</dt>
  <data>
    5.81578732e-01 1.11645031e+00 -2.29652283e+02 -6.05341733e-01
    5.90781450e-01 2.58513123e+02 7.81420113e-07 1.26621482e-04
    9.90611434e-01</data></cumhom0042>
</opencv_storage>
