<?xml version="1.0"?>
<opencv_storage>
<cumhom0035 type_id="opencv-matrix">
  <rows>3</rows>
  <cols>3</cols>
  <dt>f</dt>
  <data>
    7.22671747e-01 9.86557662e-01 -1.87733032e+02 -5.21450341e-01
    7.15863883e-01 2.01812378e+02 4.74596127e-05 3.98524280e-05
    9.91562665e-01</data></cumhom0035>
</opencv_storage>
