<?xml version="1.0"?>
<opencv_storage>
<cumhom0071 type_id="opencv-matrix">
  <rows>3</rows>
  <cols>3</cols>
  <dt>f</dt>
  <data>
    2.41872836e-02 1.28896821e+00 -1.96440475e+02 -7.44768083e-01
    7.88005143e-02 5.25470276e+02 -1.49382249e-04 3.57954741e-05
    1.03716755e+00</data></cumhom0071>
</opencv_storage>
