<?xml version="1.0"?>
<opencv_storage>
<cumhom0081 type_id="opencv-matrix">
  <rows>3</rows>
  <cols>3</cols>
  <dt>f</dt>
  <data>
    -4.18229885e-02 1.20777500e+00 -2.66185425e+02 -7.56775558e-01
    -1.97128002e-02 6.11381042e+02 -2.31967031e-04 1.83385964e-05
    1.05611360e+00</data></cumhom0081>
</opencv_storage>
