<?xml version="1.0"?>
<opencv_storage>
<cumhom0036 type_id="opencv-matrix">
  <rows>3</rows>
  <cols>3</cols>
  <dt>f</dt>
  <data>
    7.03417838e-01 1.02060735e+00 -1.97833725e+02 -5.37835360e-01
    6.94383502e-01 2.07037781e+02 5.05948155e-05 4.80426825e-05
    9.90935385e-01</data></cumhom0036>
</opencv_storage>
