<?xml version="1.0"?>
<opencv_storage>
<cumhom0023 type_id="opencv-matrix">
  <rows>3</rows>
  <cols>3</cols>
  <dt>f</dt>
  <data>
    8.86309683e-01 6.79723501e-01 -1.11508499e+02 -3.62060249e-01
    8.89536381e-01 1.23321907e+02 5.63437352e-05 -5.40498650e-06
    9.96002555e-01</data></cumhom0023>
</opencv_storage>
