<?xml version="1.0"?>
<opencv_storage>
<cumhom0008 type_id="opencv-matrix">
  <rows>3</rows>
  <cols>3</cols>
  <dt>f</dt>
  <data>
    9.99276221e-01 2.29951113e-01 -3.98220596e+01 -1.23071119e-01
    1.00130069e+00 3.23407784e+01 3.30259572e-05 2.17979286e-05
    9.99431908e-01</data></cumhom0008>
</opencv_storage>
