<?xml version="1.0"?>
<opencv_storage>
<cumhom0045 type_id="opencv-matrix">
  <rows>3</rows>
  <cols>3</cols>
  <dt>f</dt>
  <data>
    5.33526599e-01 1.14988828e+00 -2.28085571e+02 -6.30731821e-01
    5.61616361e-01 2.94368530e+02 -2.75293642e-05 2.05230754e-04
    9.94031131e-01</data></cumhom0045>
</opencv_storage>
