<?xml version="1.0"?>
<opencv_storage>
<cumhom0078 type_id="opencv-matrix">
  <rows>3</rows>
  <cols>3</cols>
  <dt>f</dt>
  <data>
    -2.66957358e-02 1.23050916e+00 -2.48685471e+02 -7.55647004e-01
    1.52685614e-02 5.85999817e+02 -2.04202399e-04 6.39977661e-05
    1.04958260e+00</data></cumhom0078>
</opencv_storage>
