<?xml version="1.0"?>
<opencv_storage>
<cumhom0037 type_id="opencv-matrix">
  <rows>3</rows>
  <cols>3</cols>
  <dt>f</dt>
  <data>
    6.79140806e-01 1.04756689e+00 -2.05774048e+02 -5.53595006e-01
    6.75407410e-01 2.12946960e+02 4.84648444e-05 5.63729591e-05
    9.90367055e-01</data></cumhom0037>
</opencv_storage>
