<?xml version="1.0"?>
<opencv_storage>
<cumhom0080 type_id="opencv-matrix">
  <rows>3</rows>
  <cols>3</cols>
  <dt>f</dt>
  <data>
    -3.88529487e-02 1.21616280e+00 -2.59704041e+02 -7.54960656e-01
    -1.58835184e-02 6.02646667e+02 -2.23469906e-04 1.54598038e-05
    1.05364299e+00</data></cumhom0080>
</opencv_storage>
