<?xml version="1.0"?>
<opencv_storage>
<homografia_new0067 type_id="opencv-matrix">
  <rows>3</rows>
  <cols>3</cols>
  <dt>f</dt>
  <data>
    7.41322115e-02 1.31156564e+00 -1.57567322e+02 -7.36900270e-01
    1.27193153e-01 4.94935822e+02 -1.32611443e-04 3.50476257e-05
    1.03184342e+00</data></homografia_new0067>
</opencv_storage>
