<?xml version="1.0"?>
<opencv_storage>
<homografia_new0051 type_id="opencv-matrix">
  <rows>3</rows>
  <cols>3</cols>
  <dt>f</dt>
  <data>
    3.89215738e-01 1.22137511e+00 -1.78441696e+02 -6.78622484e-01
    4.16478127e-01 3.70386810e+02 -7.74649598e-05 1.17516443e-04
    1.00947893e+00</data></homografia_new0051>
</opencv_storage>
