<?xml version="1.0"?>
<opencv_storage>
<homografia_new0015 type_id="opencv-matrix">
  <rows>3</rows>
  <cols>3</cols>
  <dt>f</dt>
  <data>
    9.54701900e-01 4.68537331e-01 -6.82619019e+01 -2.48917565e-01
    9.53553975e-01 7.90404816e+01 2.70726177e-05 -5.33601815e-06
    9.99197781e-01</data></homografia_new0015>
</opencv_storage>
