<?xml version="1.0"?>
<opencv_storage>
<homografia_new0054 type_id="opencv-matrix">
  <rows>3</rows>
  <cols>3</cols>
  <dt>f</dt>
  <data>
    3.15983146e-01 1.26173854e+00 -1.57129578e+02 -6.99645698e-01
    3.45016897e-01 4.00624268e+02 -1.01018399e-04 1.01204874e-04
    1.01494551e+00</data></homografia_new0054>
</opencv_storage>
