<?xml version="1.0"?>
<opencv_storage>
<homografia_new0006 type_id="opencv-matrix">
  <rows>3</rows>
  <cols>3</cols>
  <dt>f</dt>
  <data>
    1.00306356e+00 1.71498030e-01 -2.93070030e+01 -8.55444595e-02
    1.00562215e+00 2.02585125e+01 1.95435732e-05 2.06560853e-05 1.</data></homografia_new0006>
</opencv_storage>
