<?xml version="1.0"?>
<opencv_storage>
<homografia_new0027 type_id="opencv-matrix">
  <rows>3</rows>
  <cols>3</cols>
  <dt>f</dt>
  <data>
    8.43965352e-01 7.76462436e-01 -1.33616898e+02 -4.08950061e-01
    8.58923733e-01 1.50328461e+02 4.98194167e-05 2.70351902e-05
    9.94385362e-01</data></homografia_new0027>
</opencv_storage>
