<?xml version="1.0"?>
<opencv_storage>
<homografia_new0088 type_id="opencv-matrix">
  <rows>3</rows>
  <cols>3</cols>
  <dt>f</dt>
  <data>
    -5.03877699e-02 1.15190935e+00 -3.38211151e+02 -7.74128497e-01
    -2.73212809e-02 6.75565979e+02 -2.98346189e-04 3.74833398e-05
    1.07397902e+00</data></homografia_new0088>
</opencv_storage>
