<?xml version="1.0"?>
<opencv_storage>
<homografia_new0082 type_id="opencv-matrix">
  <rows>3</rows>
  <cols>3</cols>
  <dt>f</dt>
  <data>
    -4.57040705e-02 1.19653463e+00 -2.74029236e+02 -7.62067318e-01
    4.14177775e-03 6.21222412e+02 -2.39681351e-04 7.54100329e-05
    1.05896103e+00</data></homografia_new0082>
</opencv_storage>
