<?xml version="1.0"?>
<opencv_storage>
<homografia_new0003 type_id="opencv-matrix">
  <rows>3</rows>
  <cols>3</cols>
  <dt>f</dt>
  <data>
    9.94347632e-01 7.10004792e-02 -1.12574253e+01 -3.94160859e-02
    9.97018337e-01 7.85814953e+00 -6.85674104e-06 -2.19404319e-06
    1.00006807e+00</data></homografia_new0003>
</opencv_storage>
