<?xml version="1.0"?>
<opencv_storage>
<homografia_new0079 type_id="opencv-matrix">
  <rows>3</rows>
  <cols>3</cols>
  <dt>f</dt>
  <data>
    -3.66540961e-02 1.22986412e+00 -2.54320236e+02 -7.54010916e-01
    -1.51326414e-03 5.94680786e+02 -2.10086902e-04 4.55725858e-05
    1.05163932e+00</data></homografia_new0079>
</opencv_storage>
