<?xml version="1.0"?>
<opencv_storage>
<homografia_new0008 type_id="opencv-matrix">
  <rows>3</rows>
  <cols>3</cols>
  <dt>f</dt>
  <data>
    1.02913558e+00 2.43342146e-01 -4.36772728e+01 -1.14037067e-01
    1.00525844e+00 3.10062218e+01 7.94471343e-05 2.14318061e-05 1.</data></homografia_new0008>
</opencv_storage>
