<?xml version="1.0"?>
<opencv_storage>
<homografia_new0068 type_id="opencv-matrix">
  <rows>3</rows>
  <cols>3</cols>
  <dt>f</dt>
  <data>
    5.76610491e-02 1.30918264e+00 -1.66104797e+02 -7.39259660e-01
    1.14838727e-01 5.02386658e+02 -1.33736845e-04 4.20399374e-05
    1.03311276e+00</data></homografia_new0068>
</opencv_storage>
