<?xml version="1.0"?>
<opencv_storage>
<homografia_new0076 type_id="opencv-matrix">
  <rows>3</rows>
  <cols>3</cols>
  <dt>f</dt>
  <data>
    -1.93553045e-02 1.25703382e+00 -2.37119690e+02 -7.50281572e-01
    2.66154855e-02 5.68652954e+02 -1.75834561e-04 3.96253126e-05
    1.04576147e+00</data></homografia_new0076>
</opencv_storage>
