<?xml version="1.0"?>
<opencv_storage>
<homografia_new0033 type_id="opencv-matrix">
  <rows>3</rows>
  <cols>3</cols>
  <dt>f</dt>
  <data>
    7.51386046e-01 9.18054402e-01 -1.65413559e+02 -4.87679482e-01
    7.61558354e-01 1.92263443e+02 3.36313387e-05 -8.85196641e-07
    9.92670476e-01</data></homografia_new0033>
</opencv_storage>
