<?xml version="1.0"?>
<opencv_storage>
<homografia_new0084 type_id="opencv-matrix">
  <rows>3</rows>
  <cols>3</cols>
  <dt>f</dt>
  <data>
    -5.17720059e-02 1.17970252e+00 -2.91874390e+02 -7.65858889e-01
    -1.13533344e-02 6.39618042e+02 -2.59418623e-04 6.26396213e-05
    1.06364596e+00</data></homografia_new0084>
</opencv_storage>
