<?xml version="1.0"?>
<opencv_storage>
<homografia_new0031 type_id="opencv-matrix">
  <rows>3</rows>
  <cols>3</cols>
  <dt>f</dt>
  <data>
    7.85983324e-01 8.74267876e-01 -1.53282364e+02 -4.60129797e-01
    8.01296115e-01 1.80772141e+02 2.76854626e-05 2.92953246e-05
    9.93059635e-01</data></homografia_new0031>
</opencv_storage>
