<?xml version="1.0"?>
<opencv_storage>
<homografia_new0010 type_id="opencv-matrix">
  <rows>3</rows>
  <cols>3</cols>
  <dt>f</dt>
  <data>
    1.01327479e+00 2.95622587e-01 -4.78849297e+01 -1.52342290e-01
    9.98543739e-01 4.23021088e+01 8.61813314e-05 4.43003000e-06 1.</data></homografia_new0010>
</opencv_storage>
