<?xml version="1.0"?>
<opencv_storage>
<homografia_new0032 type_id="opencv-matrix">
  <rows>3</rows>
  <cols>3</cols>
  <dt>f</dt>
  <data>
    7.66679466e-01 8.87023687e-01 -1.57671005e+02 -4.73313570e-01
    7.81399071e-01 1.87037384e+02 2.26628799e-05 2.17514498e-05
    9.92900848e-01</data></homografia_new0032>
</opencv_storage>
