<?xml version="1.0"?>
<opencv_storage>
<homografia_new0038 type_id="opencv-matrix">
  <rows>3</rows>
  <cols>3</cols>
  <dt>f</dt>
  <data>
    6.54509246e-01 1.07789350e+00 -2.13182281e+02 -5.69117665e-01
    6.57310188e-01 2.20501022e+02 2.95107257e-05 1.27888299e-04
    9.89820182e-01</data></homografia_new0038>
</opencv_storage>
