<?xml version="1.0"?>
<opencv_storage>
<homografia_new0006 type_id="opencv-matrix">
  <rows>3</rows>
  <cols>3</cols>
  <dt>f</dt>
  <data>
    1.00436676e+00 1.68133736e-01 -2.99887562e+01 -8.61682892e-02
    1.00670314e+00 2.05155716e+01 3.02128283e-05 1.50749511e-05
    9.99661565e-01</data></homografia_new0006>
</opencv_storage>
