<?xml version="1.0"?>
<opencv_storage>
<homografia_new0073 type_id="opencv-matrix">
  <rows>3</rows>
  <cols>3</cols>
  <dt>f</dt>
  <data>
    5.50324935e-03 1.26982224e+00 -2.15485123e+02 -7.47694671e-01
    6.07622005e-02 5.41899109e+02 -1.65245685e-04 4.89914528e-05
    1.04016614e+00</data></homografia_new0073>
</opencv_storage>
