<?xml version="1.0"?>
<opencv_storage>
<homografia_new0009 type_id="opencv-matrix">
  <rows>3</rows>
  <cols>3</cols>
  <dt>f</dt>
  <data>
    9.88722980e-01 2.60252237e-01 -4.25836678e+01 -1.36498377e-01
    9.79785502e-01 3.74500160e+01 1.40070179e-05 -1.20084051e-05 1.</data></homografia_new0009>
</opencv_storage>
