<?xml version="1.0"?>
<opencv_storage>
<homografia_new0040 type_id="opencv-matrix">
  <rows>3</rows>
  <cols>3</cols>
  <dt>f</dt>
  <data>
    6.16895437e-01 1.09402227e+00 -2.24029678e+02 -5.91113329e-01
    6.16138101e-01 2.38364487e+02 1.58393996e-05 1.31158275e-04
    9.89694059e-01</data></homografia_new0040>
</opencv_storage>
