<?xml version="1.0"?>
<opencv_storage>
<homografia_new0007 type_id="opencv-matrix">
  <rows>3</rows>
  <cols>3</cols>
  <dt>f</dt>
  <data>
    1.00771761e+00 2.01624706e-01 -3.48026199e+01 -1.00750662e-01
    1.00705254e+00 2.50168953e+01 3.38490754e-05 2.62256453e-05 1.</data></homografia_new0007>
</opencv_storage>
