<?xml version="1.0"?>
<opencv_storage>
<homografia_new0002 type_id="opencv-matrix">
  <rows>3</rows>
  <cols>3</cols>
  <dt>f</dt>
  <data>
    9.99406397e-01 3.37362662e-02 -5.52159214e+00 -2.00134646e-02
    9.92893457e-01 4.07090187e+00 2.63462812e-06 -1.95503817e-05 1.</data></homografia_new0002>
</opencv_storage>
