<?xml version="1.0"?>
<opencv_storage>
<homografia_new0057 type_id="opencv-matrix">
  <rows>3</rows>
  <cols>3</cols>
  <dt>f</dt>
  <data>
    2.50365943e-01 1.28858542e+00 -1.43433075e+02 -7.14704990e-01
    2.84781247e-01 4.25583771e+02 -1.14529903e-04 9.42289407e-05
    1.01949859e+00</data></homografia_new0057>
</opencv_storage>
