<?xml version="1.0"?>
<opencv_storage>
<homografia_new0004 type_id="opencv-matrix">
  <rows>3</rows>
  <cols>3</cols>
  <dt>f</dt>
  <data>
    1.00269306e+00 1.04911447e-01 -1.74913788e+01 -5.38650565e-02
    9.99940276e-01 1.14913902e+01 1.34447282e-05 -4.79246773e-06 1.</data></homografia_new0004>
</opencv_storage>
