<?xml version="1.0"?>
<opencv_storage>
<homografia_new0003 type_id="opencv-matrix">
  <rows>3</rows>
  <cols>3</cols>
  <dt>f</dt>
  <data>
    1.00579607e+00 6.87757879e-02 -1.16548805e+01 -3.39562856e-02
    1.00012922e+00 6.85931110e+00 2.10725011e-05 -1.07531787e-05 1.</data></homografia_new0003>
</opencv_storage>
