<?xml version="1.0"?>
<opencv_storage>
<homografia_new0060 type_id="opencv-matrix">
  <rows>3</rows>
  <cols>3</cols>
  <dt>f</dt>
  <data>
    1.91262588e-01 1.30619228e+00 -1.36465759e+02 -7.23901093e-01
    2.27083638e-01 4.47069519e+02 -1.30437780e-04 6.94539558e-05
    1.02351999e+00</data></homografia_new0060>
</opencv_storage>
