<?xml version="1.0"?>
<opencv_storage>
<homografia_new0025 type_id="opencv-matrix">
  <rows>3</rows>
  <cols>3</cols>
  <dt>f</dt>
  <data>
    8.64668727e-01 7.26204693e-01 -1.23088173e+02 -3.84910583e-01
    8.78466845e-01 1.35499039e+02 4.60304727e-05 2.60855486e-05
    9.94988441e-01</data></homografia_new0025>
</opencv_storage>
