<?xml version="1.0"?>
<opencv_storage>
<homografia_new0020 type_id="opencv-matrix">
  <rows>3</rows>
  <cols>3</cols>
  <dt>f</dt>
  <data>
    9.16968226e-01 6.19330764e-01 -9.49849014e+01 -3.26094002e-01
    9.13370788e-01 1.04393532e+02 6.06205795e-05 2.34911931e-06
    9.97661889e-01</data></homografia_new0020>
</opencv_storage>
