<?xml version="1.0"?>
<opencv_storage>
<homografia_new0013 type_id="opencv-matrix">
  <rows>3</rows>
  <cols>3</cols>
  <dt>f</dt>
  <data>
    9.68377411e-01 4.06568676e-01 -6.08853989e+01 -2.15188280e-01
    9.70306575e-01 6.52452469e+01 2.02678420e-05 1.97754343e-06
    9.99471009e-01</data></homografia_new0013>
</opencv_storage>
