<?xml version="1.0"?>
<opencv_storage>
<homografia_new0066 type_id="opencv-matrix">
  <rows>3</rows>
  <cols>3</cols>
  <dt>f</dt>
  <data>
    9.03187394e-02 1.31828213e+00 -1.50488617e+02 -7.37977862e-01
    1.47287369e-01 4.88985443e+02 -1.34329224e-04 6.11738942e-05
    1.03092360e+00</data></homografia_new0066>
</opencv_storage>
