<?xml version="1.0"?>
<opencv_storage>
<homografia_new0046 type_id="opencv-matrix">
  <rows>3</rows>
  <cols>3</cols>
  <dt>f</dt>
  <data>
    5.11036098e-01 1.15482843e+00 -2.21813889e+02 -6.38153493e-01
    5.37697136e-01 3.07236877e+02 -3.63212057e-05 1.74829678e-04
    9.96500850e-01</data></homografia_new0046>
</opencv_storage>
