<?xml version="1.0"?>
<opencv_storage>
<homografia_new0024 type_id="opencv-matrix">
  <rows>3</rows>
  <cols>3</cols>
  <dt>f</dt>
  <data>
    8.77026141e-01 7.01559603e-01 -1.17290833e+02 -3.72967869e-01
    8.84333909e-01 1.29339554e+02 5.67782627e-05 7.33682646e-06
    9.95482683e-01</data></homografia_new0024>
</opencv_storage>
