<?xml version="1.0"?>
<opencv_storage>
<homografia_new0085 type_id="opencv-matrix">
  <rows>3</rows>
  <cols>3</cols>
  <dt>f</dt>
  <data>
    -5.22800237e-02 1.17464256e+00 -3.03974854e+02 -7.66799986e-01
    -1.72571875e-02 6.48861023e+02 -2.64196162e-04 5.39742796e-05
    1.06606007e+00</data></homografia_new0085>
</opencv_storage>
