<?xml version="1.0"?>
<opencv_storage>
<homografia_new0039 type_id="opencv-matrix">
  <rows>3</rows>
  <cols>3</cols>
  <dt>f</dt>
  <data>
    6.36856496e-01 1.08901572e+00 -2.20106918e+02 -5.82034409e-01
    6.36029720e-01 2.29146423e+02 3.09794486e-05 1.24348153e-04
    9.89638448e-01</data></homografia_new0039>
</opencv_storage>
