<?xml version="1.0"?>
<opencv_storage>
<homografia_new0005 type_id="opencv-matrix">
  <rows>3</rows>
  <cols>3</cols>
  <dt>f</dt>
  <data>
    9.93747771e-01 1.31902039e-01 -2.19045601e+01 -6.86128661e-02
    9.93425727e-01 1.57234573e+01 1.33245967e-05 -2.76757710e-05 1.</data></homografia_new0005>
</opencv_storage>
