<?xml version="1.0"?>
<opencv_storage>
<homografia_new0050 type_id="opencv-matrix">
  <rows>3</rows>
  <cols>3</cols>
  <dt>f</dt>
  <data>
    4.18127865e-01 1.21770298e+00 -1.89155960e+02 -6.73987567e-01
    4.49730366e-01 3.60103760e+02 -6.12393778e-05 1.54710346e-04
    1.00724435e+00</data></homografia_new0050>
</opencv_storage>
