<?xml version="1.0"?>
<opencv_storage>
<homografia_opt0003 type_id="opencv-matrix">
<rows>3</rows>
<cols>3</cols>
<dt>f</dt>
<data>
1.080374e+00 1.328484e-01 -2.007503e+02 -1.408062e-01
1.081521e+00 1.580110e+01 -4.101362e-05 9.273972e-04 1.000000e+00 </data></homografia_opt0003>
</opencv_storage>