<?xml version="1.0"?>
<opencv_storage>
<homografia_opt0016 type_id="opencv-matrix">
<rows>3</rows>
<cols>3</cols>
<dt>f</dt>
<data>
9.716722e-01 -4.067698e-02 -2.216826e+01 1.599728e-02
1.017649e+00 -5.473323e+01 -9.904336e-04 2.585469e-04 1.000000e+00 </data></homografia_opt0016>
</opencv_storage>