<?xml version="1.0"?>
<opencv_storage>
<homografia_opt0006 type_id="opencv-matrix">
<rows>3</rows>
<cols>3</cols>
<dt>f</dt>
<data>
1.096440e+00 1.574633e-01 -1.651845e+02 -3.958695e-02
1.090053e+00 -1.738375e+01 -6.531124e-04 9.519051e-04 1.000000e+00 </data></homografia_opt0006>
</opencv_storage>