<?xml version="1.0"?>
<opencv_storage>
<homografia_opt0008 type_id="opencv-matrix">
<rows>3</rows>
<cols>3</cols>
<dt>f</dt>
<data>
1.029768e+00 8.194944e-03 -3.524432e+01 7.523410e-03
1.007691e+00 6.920156e+01 8.004511e-04 4.323402e-05 1.000000e+00 </data></homografia_opt0008>
</opencv_storage>