<?xml version="1.0"?>
<opencv_storage>
<homografia_opt0005 type_id="opencv-matrix">
<rows>3</rows>
<cols>3</cols>
<dt>f</dt>
<data>
8.127230e-01 5.378023e-02 -3.501518e+01 -2.193825e-01
9.053226e-01 1.140756e+02 5.702489e-04 -1.421266e-03 1.000000e+00 </data></homografia_opt0005>
</opencv_storage>