<?xml version="1.0"?>
<opencv_storage>
<homografia_opt0002 type_id="opencv-matrix">
<rows>3</rows>
<cols>3</cols>
<dt>f</dt>
<data>
1.034067e+00 -2.964866e-02 -1.308966e+02 -2.683642e-02
9.392560e-01 -8.449916e+01 -2.237747e-04 -9.667694e-04 1.000000e+00 </data></homografia_opt0002>
</opencv_storage>