<?xml version="1.0"?>
<opencv_storage>
<homografia_opt0014 type_id="opencv-matrix">
<rows>3</rows>
<cols>3</cols>
<dt>f</dt>
<data>
9.104366e-01 -9.469282e-02 1.191130e+02 9.468330e-02
9.896467e-01 -2.442163e+01 -2.342341e-04 5.988833e-05 1.000000e+00 </data></homografia_opt0014>
</opencv_storage>