<?xml version="1.0"?>
<opencv_storage>
<homografia_opt0001 type_id="opencv-matrix">
<rows>3</rows>
<cols>3</cols>
<dt>f</dt>
<data>
9.972000e-01 1.034117e-02 -4.802592e-01 3.229760e-03
1.049081e+00 -4.815161e-01 1.150706e-04 -2.412122e-04 1.000000e+00 </data></homografia_opt0001>
</opencv_storage>