<?xml version="1.0"?>
<opencv_storage>
<homografia_opt0001 type_id="opencv-matrix">
<rows>3</rows>
<cols>3</cols>
<dt>f</dt>
<data>
9.979611e-01 -1.740948e-02 -2.609466e+00 -2.906242e-02
9.641749e-01 -2.932494e+00 3.489866e-04 -5.745910e-04 1.000000e+00 </data></homografia_opt0001>
</opencv_storage>