<?xml version="1.0"?>
<opencv_storage>
<homografia_opt0004 type_id="opencv-matrix">
<rows>3</rows>
<cols>3</cols>
<dt>f</dt>
<data>
1.003617e+00 1.315924e-01 -1.218746e+02 -1.574336e-01
9.137219e-01 3.369231e+01 7.930178e-06 7.105677e-04 1.000000e+00 </data></homografia_opt0004>
</opencv_storage>