<?xml version="1.0"?>
<opencv_storage>
<homografia_opt0007 type_id="opencv-matrix">
<rows>3</rows>
<cols>3</cols>
<dt>f</dt>
<data>
1.047245e+00 8.403642e-02 -5.097054e+01 -1.325649e-01
9.887538e-01 7.100910e+01 -5.614957e-04 3.117015e-04 1.000000e+00 </data></homografia_opt0007>
</opencv_storage>