<?xml version="1.0"?>
<opencv_storage>
<homografia_opt0003 type_id="opencv-matrix">
<rows>3</rows>
<cols>3</cols>
<dt>f</dt>
<data>
1.063449e+00 1.362647e-01 -2.012263e+02 -1.435561e-01
1.079988e+00 1.681984e+01 -2.797786e-04 2.736301e-04 1.000000e+00 </data></homografia_opt0003>
</opencv_storage>