<?xml version="1.0"?>
<opencv_storage>
<homografia_opt0015 type_id="opencv-matrix">
<rows>3</rows>
<cols>3</cols>
<dt>f</dt>
<data>
9.614780e-01 -1.221795e-01 1.030439e+02 1.418255e-01
1.047767e+00 -1.086480e+02 4.843890e-04 3.428004e-04 1.000000e+00 </data></homografia_opt0015>
</opencv_storage>