<?xml version="1.0"?>
<opencv_storage>
<homografia_opt0002 type_id="opencv-matrix">
<rows>3</rows>
<cols>3</cols>
<dt>f</dt>
<data>
1.063043e+00 -4.817094e-02 -1.315390e+02 -1.484559e-02
9.813445e-01 -8.690808e+01 -3.826226e-04 -2.589508e-04 1.000000e+00 </data></homografia_opt0002>
</opencv_storage>