<?xml version="1.0"?>
<opencv_storage>
<homografia_opt0013 type_id="opencv-matrix">
<rows>3</rows>
<cols>3</cols>
<dt>f</dt>
<data>
1.103603e+00 -2.122153e-01 1.662519e+02 2.086219e-01
9.022541e-01 -2.753721e+01 3.880767e-05 -6.060660e-05 1.000000e+00 </data></homografia_opt0013>
</opencv_storage>