<?xml version="1.0"?>
<opencv_storage>
<homografia_opt0012 type_id="opencv-matrix">
<rows>3</rows>
<cols>3</cols>
<dt>f</dt>
<data>
9.853576e-01 -9.456526e-02 6.598890e+01 7.536954e-02
9.903885e-01 -5.289121e+00 3.450692e-05 2.203453e-04 1.000000e+00 </data></homografia_opt0012>
</opencv_storage>