<?xml version="1.0"?>
<opencv_storage>
<homografia_opt0012 type_id="opencv-matrix">
<rows>3</rows>
<cols>3</cols>
<dt>f</dt>
<data>
1.007172e+00 -4.756430e-02 6.642535e+01 7.515347e-02
9.767769e-01 -5.374945e+00 -2.806266e-04 1.572736e-04 1.000000e+00 </data></homografia_opt0012>
</opencv_storage>