<?xml version="1.0"?>
<opencv_storage>
<homografia_opt0011 type_id="opencv-matrix">
<rows>3</rows>
<cols>3</cols>
<dt>f</dt>
<data>
9.764499e-01 -1.704377e-01 1.302326e+02 2.170342e-01
9.787449e-01 -8.097733e+00 2.014878e-04 -2.556052e-04 1.000000e+00 </data></homografia_opt0011>
</opencv_storage>