<?xml version="1.0"?>
<opencv_storage>
<homografia_opt0010 type_id="opencv-matrix">
<rows>3</rows>
<cols>3</cols>
<dt>f</dt>
<data>
9.550696e-01 -1.798999e-01 2.622599e+01 1.041275e-01
9.499138e-01 2.822637e+01 -7.764811e-04 -6.189110e-06 1.000000e+00 </data></homografia_opt0010>
</opencv_storage>