<?xml version="1.0"?>
<opencv_storage>
<homografia_opt0014 type_id="opencv-matrix">
<rows>3</rows>
<cols>3</cols>
<dt>f</dt>
<data>
9.800604e-01 -3.438991e-02 1.196107e+02 8.339849e-02
1.023186e+00 -2.331021e+01 3.459046e-05 -1.217351e-04 1.000000e+00 </data></homografia_opt0014>
</opencv_storage>