<?xml version="1.0"?>
<opencv_storage>
<homografia_opt0008 type_id="opencv-matrix">
<rows>3</rows>
<cols>3</cols>
<dt>f</dt>
<data>
9.807662e-01 2.206733e-02 -3.477669e+01 1.546293e-02
1.030153e+00 6.950209e+01 2.329513e-04 -2.569182e-04 1.000000e+00 </data></homografia_opt0008>
</opencv_storage>