<?xml version="1.0"?>
<opencv_storage>
<homografia_opt0005 type_id="opencv-matrix">
<rows>3</rows>
<cols>3</cols>
<dt>f</dt>
<data>
8.088129e-01 5.365968e-02 -4.126307e+01 -1.893904e-01
8.993792e-01 6.050803e+01 1.742607e-04 -1.346524e-03 1.000000e+00 </data></homografia_opt0005>
</opencv_storage>