<?xml version="1.0"?>
<opencv_storage>
<homografia_opt0009 type_id="opencv-matrix">
<rows>3</rows>
<cols>3</cols>
<dt>f</dt>
<data>
9.946730e-01 -5.708383e-02 -2.607320e+01 7.901481e-02
1.009878e+00 3.633133e+01 6.210642e-04 -2.517905e-04 1.000000e+00 </data></homografia_opt0009>
</opencv_storage>