<?xml version="1.0"?>
<opencv_storage>
<homografia_opt0006 type_id="opencv-matrix">
<rows>3</rows>
<cols>3</cols>
<dt>f</dt>
<data>
1.115162e+00 2.461853e-01 -1.614084e+02 -5.198923e-02
1.110967e+00 -8.857163e+00 -5.122076e-04 9.385613e-04 1.000000e+00 </data></homografia_opt0006>
</opencv_storage>