<?xml version="1.0"?>
<opencv_storage>
<cumhom0008 type_id="opencv-matrix">
  <rows>3</rows>
  <cols>3</cols>
  <dt>f</dt>
  <data>
    7.43144095e-01 7.37690508e-01 -5.94661377e+02 -6.49385273e-01
    9.06454206e-01 3.20801331e+02 7.71506748e-04 -4.85484954e-04
    6.61777318e-01</data></cumhom0008>
</opencv_storage>
