<?xml version="1.0"?>
<opencv_storage>
<homografia_opt0001 type_id="opencv-matrix">
<rows>3</rows>
<cols>3</cols>
<dt>f</dt>
<data>
9.613236e-01 4.067815e-02 7.707490e-02 -4.998613e-02
9.741583e-01 -7.659291e-01 7.044944e-05 -1.336202e-04 1.000000e+00 </data></homografia_opt0001>
</opencv_storage>