<?xml version="1.0"?>
<opencv_storage>
<homografia_new0002 type_id="opencv-matrix">
  <rows>3</rows>
  <cols>3</cols>
  <dt>f</dt>
  <data>
    1.05311060e+00 -3.92075703e-02 -1.30321167e+02 -1.53040383e-02
    9.69725430e-01 -8.40337982e+01 1.70313433e-04 -2.86206021e-04 1.</data></homografia_new0002>
</opencv_storage>
