<?xml version="1.0"?>
<opencv_storage>
<homografia_opt0011 type_id="opencv-matrix">
<rows>3</rows>
<cols>3</cols>
<dt>f</dt>
<data>
1.026891e+00 -1.655124e-01 1.307676e+02 2.256376e-01
9.701588e-01 -7.278136e+00 9.408605e-05 9.718346e-04 1.000000e+00 </data></homografia_opt0011>
</opencv_storage>