<?xml version="1.0"?>
<opencv_storage>
<homografia_opt0012 type_id="opencv-matrix">
<rows>3</rows>
<cols>3</cols>
<dt>f</dt>
<data>
9.617399e-01 -9.969576e-02 6.685124e+01 8.206973e-02
1.001849e+00 -4.099139e+00 -2.888442e-05 -3.368776e-04 1.000000e+00 </data></homografia_opt0012>
</opencv_storage>