<?xml version="1.0"?>
<opencv_storage>
<homografia_opt0008 type_id="opencv-matrix">
<rows>3</rows>
<cols>3</cols>
<dt>f</dt>
<data>
9.801773e-01 -3.206262e-03 -3.413917e+01 -2.559671e-02
9.876038e-01 7.041756e+01 2.305188e-04 1.043951e-04 1.000000e+00 </data></homografia_opt0008>
</opencv_storage>