<?xml version="1.0"?>
<opencv_storage>
<homografia_opt0005 type_id="opencv-matrix">
<rows>3</rows>
<cols>3</cols>
<dt>f</dt>
<data>
8.127691e-01 5.386728e-02 -5.552829e+01 -2.116717e-01
9.053202e-01 1.514249e+02 1.194461e-04 -1.219933e-03 1.000000e+00 </data></homografia_opt0005>
</opencv_storage>