<?xml version="1.0"?>
<opencv_storage>
<homografia_opt0014 type_id="opencv-matrix">
<rows>3</rows>
<cols>3</cols>
<dt>f</dt>
<data>
9.582076e-01 -1.034942e-01 1.206457e+02 1.049160e-01
9.652339e-01 -2.375649e+01 -4.727670e-05 -5.191031e-04 1.000000e+00 </data></homografia_opt0014>
</opencv_storage>