<?xml version="1.0"?>
<opencv_storage>
<homografia_opt0016 type_id="opencv-matrix">
<rows>3</rows>
<cols>3</cols>
<dt>f</dt>
<data>
1.058170e+00 2.590628e-02 -2.103281e+01 -3.863064e-02
9.778278e-01 -5.338526e+01 -9.710962e-04 -9.958470e-04 1.000000e+00 </data></homografia_opt0016>
</opencv_storage>