<?xml version="1.0"?>
<opencv_storage>
<homografia_opt0009 type_id="opencv-matrix">
<rows>3</rows>
<cols>3</cols>
<dt>f</dt>
<data>
9.915541e-01 -2.356630e-02 -2.532072e+01 5.615228e-02
9.916626e-01 3.733638e+01 -2.164051e-04 -6.352509e-04 1.000000e+00 </data></homografia_opt0009>
</opencv_storage>