<?xml version="1.0"?>
<opencv_storage>
<homografia_opt0002 type_id="opencv-matrix">
<rows>3</rows>
<cols>3</cols>
<dt>f</dt>
<data>
1.086008e+00 -8.299674e-03 -1.308895e+02 -1.964039e-02
9.706670e-01 -8.397748e+01 -1.229356e-04 -5.673090e-04 1.000000e+00 </data></homografia_opt0002>
</opencv_storage>