<?xml version="1.0"?>
<opencv_storage>
<homografia_opt0004 type_id="opencv-matrix">
<rows>3</rows>
<cols>3</cols>
<dt>f</dt>
<data>
1.028693e+00 1.444960e-01 -1.210112e+02 -2.015550e-01
9.420668e-01 3.341346e+01 1.217469e-05 9.375116e-04 1.000000e+00 </data></homografia_opt0004>
</opencv_storage>