<?xml version="1.0"?>
<opencv_storage>
<homografia_opt0003 type_id="opencv-matrix">
<rows>3</rows>
<cols>3</cols>
<dt>f</dt>
<data>
1.068784e+00 1.504108e-01 -1.999038e+02 -1.045179e-01
1.083190e+00 1.828614e+01 -2.880392e-04 -1.880941e-04 1.000000e+00 </data></homografia_opt0003>
</opencv_storage>