<?xml version="1.0"?>
<opencv_storage>
<homografia_opt0006 type_id="opencv-matrix">
<rows>3</rows>
<cols>3</cols>
<dt>f</dt>
<data>
1.098614e+00 2.429676e-01 -1.612222e+02 -3.168685e-02
1.090069e+00 -8.580842e+00 -6.585495e-04 9.519051e-04 1.000000e+00 </data></homografia_opt0006>
</opencv_storage>