<?xml version="1.0"?>
<opencv_storage>
<homografia_opt0007 type_id="opencv-matrix">
<rows>3</rows>
<cols>3</cols>
<dt>f</dt>
<data>
1.035436e+00 1.199849e-01 -4.874386e+01 -1.338206e-01
9.646956e-01 8.571546e+01 8.189907e-04 6.133774e-04 1.000000e+00 </data></homografia_opt0007>
</opencv_storage>