<?xml version="1.0"?>
<opencv_storage>
<homografia_opt0013 type_id="opencv-matrix">
<rows>3</rows>
<cols>3</cols>
<dt>f</dt>
<data>
1.088319e+00 -1.706556e-01 1.674840e+02 1.712893e-01
9.419662e-01 -2.654664e+01 -4.043355e-06 3.294024e-04 1.000000e+00 </data></homografia_opt0013>
</opencv_storage>