<?xml version="1.0"?>
<opencv_storage>
<cumhom0149 type_id="opencv-matrix">
  <rows>3</rows>
  <cols>3</cols>
  <dt>f</dt>
  <data>
    8.08783412e-01 8.14955592e-01 -2.94793091e+02 -3.79191369e-01
    8.39942157e-01 2.56244049e+01 2.72113939e-05 1.64912140e-04
    9.84618127e-01</data></cumhom0149>
</opencv_storage>
