<?xml version="1.0"?>
<opencv_storage>
<cumhom0156 type_id="opencv-matrix">
  <rows>3</rows>
  <cols>3</cols>
  <dt>f</dt>
  <data>
    8.91446233e-01 5.47175765e-01 -2.89578918e+02 -2.20597669e-01
    9.50028598e-01 2.53232050e+00 -1.38977412e-05 1.59872929e-04
    9.91700053e-01</data></cumhom0156>
</opencv_storage>
