<?xml version="1.0"?>
<opencv_storage>
<cumhom0267 type_id="opencv-matrix">
  <rows>3</rows>
  <cols>3</cols>
  <dt>f</dt>
  <data>
    -1.03233731e+00 4.21482414e-01 3.03759796e+02 -3.22734088e-01
    -6.45600319e-01 6.05608643e+02 2.48720404e-04 5.29061479e-04
    9.37981665e-01</data></cumhom0267>
</opencv_storage>
