<?xml version="1.0"?>
<opencv_storage>
<cumhom0269 type_id="opencv-matrix">
  <rows>3</rows>
  <cols>3</cols>
  <dt>f</dt>
  <data>
    -9.22040284e-01 5.67240834e-01 2.05940094e+02 -4.52500433e-01
    -5.99188745e-01 6.28748840e+02 2.48620694e-04 5.58814500e-04
    9.22641098e-01</data></cumhom0269>
</opencv_storage>
