<?xml version="1.0"?>
<opencv_storage>
<cumhom0306 type_id="opencv-matrix">
  <rows>3</rows>
  <cols>3</cols>
  <dt>f</dt>
  <data>
    -7.89208591e-01 -9.37405765e-01 7.57862000e+02 2.27073401e-01
    -6.77098393e-01 4.60784454e+02 -2.19612833e-04 5.60283836e-04
    1.05187118e+00</data></cumhom0306>
</opencv_storage>
