<?xml version="1.0"?>
<opencv_storage>
<cumhom0226 type_id="opencv-matrix">
  <rows>3</rows>
  <cols>3</cols>
  <dt>f</dt>
  <data>
    -1.87682986e-01 1.28850162e+00 -1.87798126e+02 -6.56592607e-01
    5.85468411e-02 4.73589081e+02 2.44671508e-04 -1.21532561e-04
    1.00542736e+00</data></cumhom0226>
</opencv_storage>
