<?xml version="1.0"?>
<opencv_storage>
<cumhom0208 type_id="opencv-matrix">
  <rows>3</rows>
  <cols>3</cols>
  <dt>f</dt>
  <data>
    2.54996866e-01 1.18970764e+00 -3.01641937e+02 -5.99263370e-01
    4.01717395e-01 3.73511505e+02 -5.32890444e-05 -2.12593528e-04
    1.03907335e+00</data></cumhom0208>
</opencv_storage>
