<?xml version="1.0"?>
<opencv_storage>
<cumhom0278 type_id="opencv-matrix">
  <rows>3</rows>
  <cols>3</cols>
  <dt>f</dt>
  <data>
    -1.08070862e+00 4.74197865e-02 4.53999023e+02 -1.85690582e-01
    -7.41007090e-01 6.02499207e+02 1.59579955e-04 5.82569104e-04
    9.43766296e-01</data></cumhom0278>
</opencv_storage>
