<?xml version="1.0"?>
<opencv_storage>
<cumhom0214 type_id="opencv-matrix">
  <rows>3</rows>
  <cols>3</cols>
  <dt>f</dt>
  <data>
    1.09237581e-01 1.25807548e+00 -2.78759552e+02 -6.24362111e-01
    2.80550629e-01 4.08375305e+02 6.80992525e-05 -2.73941929e-04
    1.03297710e+00</data></cumhom0214>
</opencv_storage>
