<?xml version="1.0"?>
<opencv_storage>
<cumhom0170 type_id="opencv-matrix">
  <rows>3</rows>
  <cols>3</cols>
  <dt>f</dt>
  <data>
    8.29626143e-01 6.57543898e-01 -3.14724945e+02 -2.68222213e-01
    8.95606816e-01 1.20368675e+02 -1.14435796e-04 8.58456988e-05
    1.01128161e+00</data></cumhom0170>
</opencv_storage>
