<?xml version="1.0"?>
<opencv_storage>
<cumhom0282 type_id="opencv-matrix">
  <rows>3</rows>
  <cols>3</cols>
  <dt>f</dt>
  <data>
    -1.01166880e+00 1.56347901e-01 3.88816711e+02 -2.88356930e-01
    -7.67119586e-01 6.40883057e+02 1.37213850e-04 5.87408082e-04
    9.32480395e-01</data></cumhom0282>
</opencv_storage>
