<?xml version="1.0"?>
<opencv_storage>
<cumhom0251 type_id="opencv-matrix">
  <rows>3</rows>
  <cols>3</cols>
  <dt>f</dt>
  <data>
    -8.63112569e-01 8.91858339e-01 1.25064842e+02 -4.76117224e-01
    -4.52942669e-01 5.82025757e+02 3.57118814e-04 3.54659685e-04
    9.51189041e-01</data></cumhom0251>
</opencv_storage>
