<?xml version="1.0"?>
<opencv_storage>
<cumhom0265 type_id="opencv-matrix">
  <rows>3</rows>
  <cols>3</cols>
  <dt>f</dt>
  <data>
    -1.02771473e+00 4.74808186e-01 2.79681061e+02 -3.39087218e-01
    -6.34995520e-01 6.05192139e+02 2.73199548e-04 5.09600854e-04
    9.38045681e-01</data></cumhom0265>
</opencv_storage>
