<?xml version="1.0"?>
<opencv_storage>
<cumhom0283 type_id="opencv-matrix">
  <rows>3</rows>
  <cols>3</cols>
  <dt>f</dt>
  <data>
    -1.07539022e+00 -1.14385277e-01 5.25246460e+02 -1.27843782e-01
    -7.63307869e-01 5.90278381e+02 9.45453794e-05 5.75076207e-04
    9.52577889e-01</data></cumhom0283>
</opencv_storage>
