<?xml version="1.0"?>
<opencv_storage>
<cumhom0205 type_id="opencv-matrix">
  <rows>3</rows>
  <cols>3</cols>
  <dt>f</dt>
  <data>
    3.23077977e-01 1.16199219e+00 -3.12163727e+02 -5.77964723e-01
    4.71436501e-01 3.54516754e+02 -7.95941960e-05 -1.72384476e-04
    1.04000294e+00</data></cumhom0205>
</opencv_storage>
