<?xml version="1.0"?>
<opencv_storage>
<cumhom0131 type_id="opencv-matrix">
  <rows>3</rows>
  <cols>3</cols>
  <dt>f</dt>
  <data>
    8.73346329e-01 6.91680670e-01 -1.72756683e+02 -3.33036721e-01
    8.93710256e-01 -3.63856149e+00 5.27147567e-05 9.11085954e-05
    9.91136551e-01</data></cumhom0131>
</opencv_storage>
