<?xml version="1.0"?>
<opencv_storage>
<cumhom0182 type_id="opencv-matrix">
  <rows>3</rows>
  <cols>3</cols>
  <dt>f</dt>
  <data>
    6.72534466e-01 9.98292089e-01 -3.21342987e+02 -4.23872828e-01
    7.35035837e-01 2.78478119e+02 -9.39909514e-05 1.10994122e-04
    1.02848566e+00</data></cumhom0182>
</opencv_storage>
