<?xml version="1.0"?>
<opencv_storage>
<cumhom0187 type_id="opencv-matrix">
  <rows>3</rows>
  <cols>3</cols>
  <dt>f</dt>
  <data>
    5.70643246e-01 1.10640669e+00 -3.10792694e+02 -4.83241260e-01
    6.55237734e-01 3.10926941e+02 -9.49732421e-05 9.19020094e-05
    1.03381324e+00</data></cumhom0187>
</opencv_storage>
