<?xml version="1.0"?>
<opencv_storage>
<cumhom0298 type_id="opencv-matrix">
  <rows>3</rows>
  <cols>3</cols>
  <dt>f</dt>
  <data>
    -9.14492011e-01 -7.12280452e-01 6.92291321e+02 1.17380179e-01
    -7.57385969e-01 5.16394775e+02 -1.14818984e-04 4.97417524e-04
    1.00844824e+00</data></cumhom0298>
</opencv_storage>
