<?xml version="1.0"?>
<opencv_storage>
<cumhom0246 type_id="opencv-matrix">
  <rows>3</rows>
  <cols>3</cols>
  <dt>f</dt>
  <data>
    -6.03121579e-01 1.10744798e+00 -3.19546356e+01 -6.11783922e-01
    -2.58072972e-01 5.56474976e+02 4.19057586e-04 2.07248755e-04
    9.52335477e-01</data></cumhom0246>
</opencv_storage>
