<?xml version="1.0"?>
<opencv_storage>
<cumhom0305 type_id="opencv-matrix">
  <rows>3</rows>
  <cols>3</cols>
  <dt>f</dt>
  <data>
    -8.10927391e-01 -9.01719153e-01 7.53447266e+02 2.12847605e-01
    -6.88181579e-01 4.69199921e+02 -1.99641581e-04 5.66719624e-04
    1.04459584e+00</data></cumhom0305>
</opencv_storage>
