<?xml version="1.0"?>
<opencv_storage>
<cumhom0219 type_id="opencv-matrix">
  <rows>3</rows>
  <cols>3</cols>
  <dt>f</dt>
  <data>
    -1.89209640e-01 1.32561386e+00 -1.67945709e+02 -6.22343123e-01
    1.40773319e-03 4.86541504e+02 1.40559030e-04 -2.13310515e-04
    1.02558208e+00</data></cumhom0219>
</opencv_storage>
