<?xml version="1.0"?>
<opencv_storage>
<cumhom0113 type_id="opencv-matrix">
  <rows>3</rows>
  <cols>3</cols>
  <dt>f</dt>
  <data>
    9.85935748e-01 3.62669945e-01 -7.36542816e+01 -1.77860603e-01
    9.78051305e-01 1.52058706e+01 5.50437180e-05 3.80769488e-05
    9.98931766e-01</data></cumhom0113>
</opencv_storage>
