<?xml version="1.0"?>
<opencv_storage>
<cumhom0292 type_id="opencv-matrix">
  <rows>3</rows>
  <cols>3</cols>
  <dt>f</dt>
  <data>
    -1.00067580e+00 -4.89334434e-01 6.29610107e+02 1.31722121e-02
    -7.81020582e-01 5.48454285e+02 -4.25134749e-05 5.08926227e-04
    9.84497070e-01</data></cumhom0292>
</opencv_storage>
