<?xml version="1.0"?>
<opencv_storage>
<cumhom0240 type_id="opencv-matrix">
  <rows>3</rows>
  <cols>3</cols>
  <dt>f</dt>
  <data>
    -4.89058852e-01 1.20637095e+00 -7.70007172e+01 -6.25885427e-01
    -1.73963547e-01 5.32178162e+02 4.48782404e-04 5.63296489e-05
    9.69607592e-01</data></cumhom0240>
</opencv_storage>
