<?xml version="1.0"?>
<opencv_storage>
<cumhom0205 type_id="opencv-matrix">
  <rows>3</rows>
  <cols>3</cols>
  <dt>f</dt>
  <data>
    1.63077593e-01 1.27789569e+00 -2.59506744e+02 -6.13661766e-01
    2.94305474e-01 4.14076508e+02 -8.43821326e-05 -1.44647012e-04
    1.04105985e+00</data></cumhom0205>
</opencv_storage>
