<?xml version="1.0"?>
<opencv_storage>
<cumhom0225 type_id="opencv-matrix">
  <rows>3</rows>
  <cols>3</cols>
  <dt>f</dt>
  <data>
    -3.46381932e-01 1.29185247e+00 -1.12651093e+02 -6.13738596e-01
    -1.09222025e-01 5.08084625e+02 2.06499855e-04 -1.26249361e-04
    1.01297438e+00</data></cumhom0225>
</opencv_storage>
