<?xml version="1.0"?>
<opencv_storage>
<cumhom0197 type_id="opencv-matrix">
  <rows>3</rows>
  <cols>3</cols>
  <dt>f</dt>
  <data>
    3.49717617e-01 1.21948624e+00 -2.89166138e+02 -5.55397034e-01
    4.19018984e-01 3.65341949e+02 -1.03250168e-04 -2.01249903e-04
    1.03964639e+00</data></cumhom0197>
</opencv_storage>
