<?xml version="1.0"?>
<opencv_storage>
<cumhom0136 type_id="opencv-matrix">
  <rows>3</rows>
  <cols>3</cols>
  <dt>f</dt>
  <data>
    9.54864383e-01 3.77223790e-01 -1.66485413e+02 -1.67086691e-01
    9.75233614e-01 -6.22632599e+01 4.31753979e-05 6.52473682e-05
    9.90435004e-01</data></cumhom0136>
</opencv_storage>
