<?xml version="1.0"?>
<opencv_storage>
<cumhom0261 type_id="opencv-matrix">
  <rows>3</rows>
  <cols>3</cols>
  <dt>f</dt>
  <data>
    -8.45163941e-01 7.44040549e-01 1.09121811e+02 -5.20789564e-01
    -4.99293834e-01 6.06168823e+02 2.87370669e-04 4.99584305e-04
    9.29025948e-01</data></cumhom0261>
</opencv_storage>
