<?xml version="1.0"?>
<opencv_storage>
<cumhom0264 type_id="opencv-matrix">
  <rows>3</rows>
  <cols>3</cols>
  <dt>f</dt>
  <data>
    -1.02064896e+00 4.98055398e-01 2.66953247e+02 -3.50160152e-01
    -6.20965958e-01 6.04115662e+02 2.73562851e-04 5.17954642e-04
    9.38750327e-01</data></cumhom0264>
</opencv_storage>
