<?xml version="1.0"?>
<opencv_storage>
<cumhom0163 type_id="opencv-matrix">
  <rows>3</rows>
  <cols>3</cols>
  <dt>f</dt>
  <data>
    8.07057083e-01 7.86311805e-01 -3.41399048e+02 -3.29802126e-01
    8.46272886e-01 1.27331772e+02 -7.41014155e-05 1.61754288e-04
    9.97062683e-01</data></cumhom0163>
</opencv_storage>
