<?xml version="1.0"?>
<opencv_storage>
<cumhom0196 type_id="opencv-matrix">
  <rows>3</rows>
  <cols>3</cols>
  <dt>f</dt>
  <data>
    5.07010639e-01 1.05431128e+00 -3.28417725e+02 -4.87346172e-01
    6.06196940e-01 2.96885529e+02 -1.11935064e-04 -1.98235415e-04
    1.03975010e+00</data></cumhom0196>
</opencv_storage>
