<?xml version="1.0"?>
<opencv_storage>
<cumhom0276 type_id="opencv-matrix">
  <rows>3</rows>
  <cols>3</cols>
  <dt>f</dt>
  <data>
    -9.85612512e-01 3.40658069e-01 3.01842560e+02 -3.68678093e-01
    -6.99333668e-01 6.39911804e+02 1.91358122e-04 6.02579734e-04
    9.25377667e-01</data></cumhom0276>
</opencv_storage>
