<?xml version="1.0"?>
<opencv_storage>
<cumhom0174 type_id="opencv-matrix">
  <rows>3</rows>
  <cols>3</cols>
  <dt>f</dt>
  <data>
    7.23963618e-01 9.04299438e-01 -3.20796143e+02 -3.94292027e-01
    7.68962443e-01 2.13543716e+02 -1.33775146e-04 1.03765997e-04
    1.01387405e+00</data></cumhom0174>
</opencv_storage>
