<?xml version="1.0"?>
<opencv_storage>
<cumhom0254 type_id="opencv-matrix">
  <rows>3</rows>
  <cols>3</cols>
  <dt>f</dt>
  <data>
    -9.02577877e-01 7.94394374e-01 1.53443253e+02 -4.53126222e-01
    -4.90694255e-01 5.87858459e+02 3.17948608e-04 4.14517592e-04
    9.47163641e-01</data></cumhom0254>
</opencv_storage>
