<?xml version="1.0"?>
<opencv_storage>
<cumhom0176 type_id="opencv-matrix">
  <rows>3</rows>
  <cols>3</cols>
  <dt>f</dt>
  <data>
    7.20235407e-01 9.05393302e-01 -3.21802246e+02 -3.93910855e-01
    7.65698195e-01 2.29533646e+02 -1.45252227e-04 1.01724421e-04
    1.01743972e+00</data></cumhom0176>
</opencv_storage>
