<?xml version="1.0"?>
<opencv_storage>
<cumhom0297 type_id="opencv-matrix">
  <rows>3</rows>
  <cols>3</cols>
  <dt>f</dt>
  <data>
    -9.28797185e-01 -6.81517243e-01 6.81408020e+02 1.01644494e-01
    -7.61790037e-01 5.22134521e+02 -1.06895510e-04 4.93989559e-04
    1.00408244e+00</data></cumhom0297>
</opencv_storage>
