<?xml version="1.0"?>
<opencv_storage>
<cumhom0115 type_id="opencv-matrix">
  <rows>3</rows>
  <cols>3</cols>
  <dt>f</dt>
  <data>
    9.86921430e-01 3.96517247e-01 -8.81670837e+01 -1.89774975e-01
    9.79405165e-01 9.96158028e+00 7.25073551e-05 5.28240416e-05
    9.97991025e-01</data></cumhom0115>
</opencv_storage>
