<?xml version="1.0"?>
<opencv_storage>
<cumhom0120 type_id="opencv-matrix">
  <rows>3</rows>
  <cols>3</cols>
  <dt>f</dt>
  <data>
    9.60900307e-01 4.77103770e-01 -1.18624222e+02 -2.23694831e-01
    9.64289069e-01 -1.49315977e+00 6.04722845e-05 7.21060424e-05
    9.95512903e-01</data></cumhom0120>
</opencv_storage>
