<?xml version="1.0"?>
<opencv_storage>
<cumhom0160 type_id="opencv-matrix">
  <rows>3</rows>
  <cols>3</cols>
  <dt>f</dt>
  <data>
    8.14598739e-01 7.70301819e-01 -3.42233490e+02 -3.24916244e-01
    8.56041849e-01 9.89590683e+01 -3.99550663e-05 1.61374526e-04
    9.92242873e-01</data></cumhom0160>
</opencv_storage>
