<?xml version="1.0"?>
<opencv_storage>
<cumhom0299 type_id="opencv-matrix">
  <rows>3</rows>
  <cols>3</cols>
  <dt>f</dt>
  <data>
    -9.03039038e-01 -7.41306782e-01 7.03547852e+02 1.31648600e-01
    -7.51194060e-01 5.10327820e+02 -1.20816170e-04 4.98401583e-04
    1.01305723e+00</data></cumhom0299>
</opencv_storage>
