<?xml version="1.0"?>
<opencv_storage>
<cumhom0224 type_id="opencv-matrix">
  <rows>3</rows>
  <cols>3</cols>
  <dt>f</dt>
  <data>
    -3.21068823e-01 1.29882729e+00 -1.21174248e+02 -6.16369486e-01
    -8.79301503e-02 5.04810364e+02 1.95258457e-04 -1.41048658e-04
    1.01486802e+00</data></cumhom0224>
</opencv_storage>
