<?xml version="1.0"?>
<opencv_storage>
<cumhom0208 type_id="opencv-matrix">
  <rows>3</rows>
  <cols>3</cols>
  <dt>f</dt>
  <data>
    8.91558230e-02 1.28798449e+00 -2.43941879e+02 -6.24356389e-01
    2.21201688e-01 4.31185333e+02 -5.95902311e-05 -1.85622703e-04
    1.04064119e+00</data></cumhom0208>
</opencv_storage>
