<?xml version="1.0"?>
<opencv_storage>
<cumhom0236 type_id="opencv-matrix">
  <rows>3</rows>
  <cols>3</cols>
  <dt>f</dt>
  <data>
    -5.87312758e-01 1.20613432e+00 -8.90419388e+00 -5.59491873e-01
    -2.89485484e-01 5.43104858e+02 3.99566983e-04 -3.59138030e-05
    9.88264382e-01</data></cumhom0236>
</opencv_storage>
