<?xml version="1.0"?>
<opencv_storage>
<cumhom0164 type_id="opencv-matrix">
  <rows>3</rows>
  <cols>3</cols>
  <dt>f</dt>
  <data>
    8.66958082e-01 5.60014307e-01 -3.16021271e+02 -2.15970531e-01
    9.31244075e-01 7.22844162e+01 -9.46839718e-05 1.24400729e-04
    1.00300634e+00</data></cumhom0164>
</opencv_storage>
