<?xml version="1.0"?>
<opencv_storage>
<cumhom0248 type_id="opencv-matrix">
  <rows>3</rows>
  <cols>3</cols>
  <dt>f</dt>
  <data>
    -6.37539387e-01 1.07425535e+00 -1.51176300e+01 -6.04490876e-01
    -2.87536740e-01 5.64076355e+02 4.07150044e-04 2.43018760e-04
    9.47435379e-01</data></cumhom0248>
</opencv_storage>
