<?xml version="1.0"?>
<opencv_storage>
<cumhom0309 type_id="opencv-matrix">
  <rows>3</rows>
  <cols>3</cols>
  <dt>f</dt>
  <data>
    -7.94164240e-01 -8.03321421e-01 6.86055664e+02 1.69686109e-01
    -7.77108133e-01 5.18785278e+02 -2.67336203e-04 5.76358871e-04
    1.05501795e+00</data></cumhom0309>
</opencv_storage>
