<?xml version="1.0"?>
<opencv_storage>
<cumhom0166 type_id="opencv-matrix">
  <rows>3</rows>
  <cols>3</cols>
  <dt>f</dt>
  <data>
    8.66132140e-01 5.94710648e-01 -3.18652283e+02 -2.28345901e-01
    9.42358494e-01 8.85277939e+01 -7.05082784e-05 1.61644872e-04
    1.00590348e+00</data></cumhom0166>
</opencv_storage>
