<?xml version="1.0"?>
<opencv_storage>
<cumhom0122 type_id="opencv-matrix">
  <rows>3</rows>
  <cols>3</cols>
  <dt>f</dt>
  <data>
    9.53436673e-01 5.22456706e-01 -1.29838440e+02 -2.44172603e-01
    9.57490325e-01 -3.57921624e+00 6.86527856e-05 8.24848248e-05
    9.94592488e-01</data></cumhom0122>
</opencv_storage>
