<?xml version="1.0"?>
<opencv_storage>
<cumhom0175 type_id="opencv-matrix">
  <rows>3</rows>
  <cols>3</cols>
  <dt>f</dt>
  <data>
    7.20198154e-01 9.04168189e-01 -3.20711304e+02 -3.94334286e-01
    7.65299737e-01 2.21395020e+02 -1.44092090e-04 9.77568488e-05
    1.01555419e+00</data></cumhom0175>
</opencv_storage>
