<?xml version="1.0"?>
<opencv_storage>
<cumhom0241 type_id="opencv-matrix">
  <rows>3</rows>
  <cols>3</cols>
  <dt>f</dt>
  <data>
    -6.90277100e-01 1.10884130e+00 3.16817608e+01 -5.29460847e-01
    -3.55156541e-01 5.55859192e+02 4.21610981e-04 9.08680740e-05
    9.75117147e-01</data></cumhom0241>
</opencv_storage>
