<?xml version="1.0"?>
<opencv_storage>
<cumhom0190 type_id="opencv-matrix">
  <rows>3</rows>
  <cols>3</cols>
  <dt>f</dt>
  <data>
    6.22427225e-01 9.66725826e-01 -3.31606354e+02 -4.33982342e-01
    7.34459937e-01 2.62474487e+02 -1.23347389e-04 -9.76752926e-06
    1.03686130e+00</data></cumhom0190>
</opencv_storage>
