<?xml version="1.0"?>
<opencv_storage>
<cumhom0260 type_id="opencv-matrix">
  <rows>3</rows>
  <cols>3</cols>
  <dt>f</dt>
  <data>
    -8.35585535e-01 7.72706211e-01 9.89374237e+01 -5.28377771e-01
    -4.86619264e-01 6.03408997e+02 2.99293199e-04 4.78388421e-04
    9.29824114e-01</data></cumhom0260>
</opencv_storage>
