<?xml version="1.0"?>
<opencv_storage>
<cumhom0221 type_id="opencv-matrix">
  <rows>3</rows>
  <cols>3</cols>
  <dt>f</dt>
  <data>
    -2.41236091e-01 1.31906688e+00 -1.47851303e+02 -6.21257842e-01
    -3.24309878e-02 4.94793610e+02 1.64140001e-04 -1.81467331e-04
    1.02086830e+00</data></cumhom0221>
</opencv_storage>
