<?xml version="1.0"?>
<opencv_storage>
<cumhom0294 type_id="opencv-matrix">
  <rows>3</rows>
  <cols>3</cols>
  <dt>f</dt>
  <data>
    -9.73477244e-01 -5.73223472e-01 6.50164062e+02 5.18594384e-02
    -7.76852250e-01 5.38390686e+02 -6.77557837e-05 5.00278955e-04
    9.91932869e-01</data></cumhom0294>
</opencv_storage>
