<?xml version="1.0"?>
<opencv_storage>
<cumhom0121 type_id="opencv-matrix">
  <rows>3</rows>
  <cols>3</cols>
  <dt>f</dt>
  <data>
    9.57498729e-01 4.98908073e-01 -1.24297913e+02 -2.33224615e-01
    9.61810231e-01 -2.86047745e+00 6.50439688e-05 7.67420570e-05
    9.95050669e-01</data></cumhom0121>
</opencv_storage>
