<?xml version="1.0"?>
<opencv_storage>
<cumhom0195 type_id="opencv-matrix">
  <rows>3</rows>
  <cols>3</cols>
  <dt>f</dt>
  <data>
    5.24549901e-01 1.04578722e+00 -3.29414764e+02 -4.82128024e-01
    6.33620441e-01 2.91120972e+02 -1.24517566e-04 -1.37838884e-04
    1.03952420e+00</data></cumhom0195>
</opencv_storage>
