<?xml version="1.0"?>
<opencv_storage>
<cumhom0216 type_id="opencv-matrix">
  <rows>3</rows>
  <cols>3</cols>
  <dt>f</dt>
  <data>
    6.31119832e-02 1.27306318e+00 -2.66804047e+02 -6.32475257e-01
    2.50115067e-01 4.21374664e+02 1.05029831e-04 -2.49302451e-04
    1.02895272e+00</data></cumhom0216>
</opencv_storage>
