<?xml version="1.0"?>
<opencv_storage>
<cumhom0111 type_id="opencv-matrix">
  <rows>3</rows>
  <cols>3</cols>
  <dt>f</dt>
  <data>
    1.01592469e+00 5.31879887e-02 -1.27012672e+01 -1.97099242e-02
    1.00999391e+00 -4.44528532e+00 2.77260879e-05 1.97484624e-05
    9.99883771e-01</data></cumhom0111>
</opencv_storage>
