<?xml version="1.0"?>
<opencv_storage>
<cumhom0200 type_id="opencv-matrix">
  <rows>3</rows>
  <cols>3</cols>
  <dt>f</dt>
  <data>
    4.35488164e-01 1.10522068e+00 -3.26648956e+02 -5.32410681e-01
    5.70325494e-01 3.22294159e+02 -1.03505678e-04 -1.32828543e-04
    1.04035568e+00</data></cumhom0200>
</opencv_storage>
