<?xml version="1.0"?>
<opencv_storage>
<cumhom0192 type_id="opencv-matrix">
  <rows>3</rows>
  <cols>3</cols>
  <dt>f</dt>
  <data>
    5.83429515e-01 1.00081217e+00 -3.31030090e+02 -4.58921701e-01
    6.98260725e-01 2.74080658e+02 -1.30755419e-04 -4.21251898e-05
    1.03832352e+00</data></cumhom0192>
</opencv_storage>
