<?xml version="1.0"?>
<opencv_storage>
<cumhom0312 type_id="opencv-matrix">
  <rows>3</rows>
  <cols>3</cols>
  <dt>f</dt>
  <data>
    -6.39018714e-01 -1.10357916e+00 7.64349548e+02 3.19372386e-01
    -5.86210251e-01 4.09079742e+02 -3.20717721e-04 5.45386923e-04
    1.09926963e+00</data></cumhom0312>
</opencv_storage>
