<?xml version="1.0"?>
<opencv_storage>
<cumhom0171 type_id="opencv-matrix">
  <rows>3</rows>
  <cols>3</cols>
  <dt>f</dt>
  <data>
    8.14918756e-01 6.67513430e-01 -3.12941284e+02 -2.76857436e-01
    8.81744266e-01 1.27294701e+02 -1.45269412e-04 6.13074953e-05
    1.01223087e+00</data></cumhom0171>
</opencv_storage>
