<?xml version="1.0"?>
<opencv_storage>
<cumhom0142 type_id="opencv-matrix">
  <rows>3</rows>
  <cols>3</cols>
  <dt>f</dt>
  <data>
    8.62468481e-01 7.01299608e-01 -2.72280426e+02 -3.29573691e-01
    8.85483325e-01 -7.04582071e+00 5.37752421e-05 1.40063377e-04
    9.83687222e-01</data></cumhom0142>
</opencv_storage>
