<?xml version="1.0"?>
<opencv_storage>
<cumhom0174 type_id="opencv-matrix">
  <rows>3</rows>
  <cols>3</cols>
  <dt>f</dt>
  <data>
    8.09145808e-01 6.79688692e-01 -3.18665527e+02 -2.82735676e-01
    8.80856156e-01 1.49458939e+02 -1.42318226e-04 7.68698010e-05
    1.01654112e+00</data></cumhom0174>
</opencv_storage>
