<?xml version="1.0"?>
<opencv_storage>
<cumhom0273 type_id="opencv-matrix">
  <rows>3</rows>
  <cols>3</cols>
  <dt>f</dt>
  <data>
    -1.06285918e+00 2.27694511e-01 3.84743744e+02 -2.63213336e-01
    -6.93983912e-01 6.06980530e+02 1.87799989e-04 5.70422329e-04
    9.39120710e-01</data></cumhom0273>
</opencv_storage>
