<?xml version="1.0"?>
<opencv_storage>
<cumhom0114 type_id="opencv-matrix">
  <rows>3</rows>
  <cols>3</cols>
  <dt>f</dt>
  <data>
    9.82252121e-01 3.79606336e-01 -8.05856323e+01 -1.83520287e-01
    9.77240622e-01 1.25436726e+01 5.48774769e-05 3.78070908e-05
    9.98477936e-01</data></cumhom0114>
</opencv_storage>
