<?xml version="1.0"?>
<opencv_storage>
<cumhom0153 type_id="opencv-matrix">
  <rows>3</rows>
  <cols>3</cols>
  <dt>f</dt>
  <data>
    8.89833927e-01 5.64870954e-01 -2.70135071e+02 -2.43864864e-01
    9.40366626e-01 -1.43531570e+01 -2.56991302e-06 1.50758147e-04
    9.89994824e-01</data></cumhom0153>
</opencv_storage>
