<?xml version="1.0"?>
<opencv_storage>
<cumhom0231 type_id="opencv-matrix">
  <rows>3</rows>
  <cols>3</cols>
  <dt>f</dt>
  <data>
    -4.81226116e-01 1.23844159e+00 -5.70105057e+01 -5.97014606e-01
    -2.04505354e-01 5.26121216e+02 2.62185989e-04 -5.62406167e-05
    1.00165856e+00</data></cumhom0231>
</opencv_storage>
