<?xml version="1.0"?>
<opencv_storage>
<cumhom0122 type_id="opencv-matrix">
  <rows>3</rows>
  <cols>3</cols>
  <dt>f</dt>
  <data>
    1.00326121e+00 2.53379554e-01 -7.34244995e+01 -1.05953373e-01
    1.01224780e+00 -3.63654442e+01 5.37420019e-05 6.04018423e-05
    9.96434629e-01</data></cumhom0122>
</opencv_storage>
