<?xml version="1.0"?>
<opencv_storage>
<cumhom0199 type_id="opencv-matrix">
  <rows>3</rows>
  <cols>3</cols>
  <dt>f</dt>
  <data>
    3.11531693e-01 1.23822033e+00 -2.85618439e+02 -5.78710198e-01
    4.10001665e-01 3.78407562e+02 -1.16572992e-04 -1.21270554e-04
    1.04025578e+00</data></cumhom0199>
</opencv_storage>
