<?xml version="1.0"?>
<opencv_storage>
<cumhom0240 type_id="opencv-matrix">
  <rows>3</rows>
  <cols>3</cols>
  <dt>f</dt>
  <data>
    -6.72699928e-01 1.13413465e+00 2.32921562e+01 -5.34555376e-01
    -3.39410335e-01 5.53464905e+02 4.29582928e-04 7.34381683e-05
    9.77727652e-01</data></cumhom0240>
</opencv_storage>
