<?xml version="1.0"?>
<opencv_storage>
<cumhom0302 type_id="opencv-matrix">
  <rows>3</rows>
  <cols>3</cols>
  <dt>f</dt>
  <data>
    -8.60773683e-01 -8.25587869e-01 7.31699463e+02 1.72056779e-01
    -7.33968854e-01 4.90790924e+02 -1.49012310e-04 4.91637154e-04
    1.02763021e+00</data></cumhom0302>
</opencv_storage>
