<?xml version="1.0"?>
<opencv_storage>
<cumhom0134 type_id="opencv-matrix">
  <rows>3</rows>
  <cols>3</cols>
  <dt>f</dt>
  <data>
    8.79077375e-01 6.57864153e-01 -2.03883377e+02 -3.13509613e-01
    8.95557106e-01 -9.99635029e+00 4.65909725e-05 8.54709069e-05
    9.88550007e-01</data></cumhom0134>
</opencv_storage>
