<?xml version="1.0"?>
<opencv_storage>
<cumhom0220 type_id="opencv-matrix">
  <rows>3</rows>
  <cols>3</cols>
  <dt>f</dt>
  <data>
    -3.10432166e-02 1.28634775e+00 -2.34447037e+02 -6.42862320e-01
    1.72846645e-01 4.43953247e+02 1.60622498e-04 -2.32582679e-04
    1.01934886e+00</data></cumhom0220>
</opencv_storage>
