<?xml version="1.0"?>
<opencv_storage>
<cumhom0132 type_id="opencv-matrix">
  <rows>3</rows>
  <cols>3</cols>
  <dt>f</dt>
  <data>
    9.46744680e-01 4.35715973e-01 -1.24636551e+02 -2.02159300e-01
    9.70508754e-01 -4.44576378e+01 3.56272321e-05 7.59009636e-05
    9.93225694e-01</data></cumhom0132>
</opencv_storage>
