<?xml version="1.0"?>
<opencv_storage>
<cumhom0129 type_id="opencv-matrix">
  <rows>3</rows>
  <cols>3</cols>
  <dt>f</dt>
  <data>
    8.84768367e-01 6.78514004e-01 -1.58887238e+02 -3.29095989e-01
    9.02077436e-01 -2.00775862e+00 6.03970766e-05 8.77161074e-05
    9.92290258e-01</data></cumhom0129>
</opencv_storage>
