<?xml version="1.0"?>
<opencv_storage>
<cumhom0249 type_id="opencv-matrix">
  <rows>3</rows>
  <cols>3</cols>
  <dt>f</dt>
  <data>
    -8.26402724e-01 9.41283882e-01 1.03608734e+02 -4.84511018e-01
    -4.44789618e-01 5.77635315e+02 3.89142690e-04 2.53046252e-04
    9.55194116e-01</data></cumhom0249>
</opencv_storage>
