<?xml version="1.0"?>
<opencv_storage>
<cumhom0244 type_id="opencv-matrix">
  <rows>3</rows>
  <cols>3</cols>
  <dt>f</dt>
  <data>
    -5.66885471e-01 1.14137840e+00 -4.75238190e+01 -6.17801309e-01
    -2.34900877e-01 5.47731506e+02 4.22846846e-04 1.50297623e-04
    9.58269060e-01</data></cumhom0244>
</opencv_storage>
