<?xml version="1.0"?>
<opencv_storage>
<cumhom0285 type_id="opencv-matrix">
  <rows>3</rows>
  <cols>3</cols>
  <dt>f</dt>
  <data>
    -1.00713336e+00 5.84125780e-02 4.29081604e+02 -2.58517593e-01
    -7.86737323e-01 6.35925659e+02 7.48164312e-05 5.61475812e-04
    9.39573050e-01</data></cumhom0285>
</opencv_storage>
