<?xml version="1.0"?>
<opencv_storage>
<cumhom0311 type_id="opencv-matrix">
  <rows>3</rows>
  <cols>3</cols>
  <dt>f</dt>
  <data>
    -6.64552152e-01 -1.07837617e+00 7.65753845e+02 3.09771985e-01
    -6.00373268e-01 4.17210876e+02 -2.98681378e-04 5.58307569e-04
    1.09159350e+00</data></cumhom0311>
</opencv_storage>
