<?xml version="1.0"?>
<opencv_storage>
<cumhom0111 type_id="opencv-matrix">
  <rows>3</rows>
  <cols>3</cols>
  <dt>f</dt>
  <data>
    9.90683377e-01 3.27250391e-01 -6.16658287e+01 -1.62014186e-01
    9.82634842e-01 1.92094364e+01 4.43682657e-05 3.84429040e-05
    9.99619842e-01</data></cumhom0111>
</opencv_storage>
