<?xml version="1.0"?>
<opencv_storage>
<cumhom0296 type_id="opencv-matrix">
  <rows>3</rows>
  <cols>3</cols>
  <dt>f</dt>
  <data>
    -9.45722759e-01 -6.47404790e-01 6.71480225e+02 8.42751265e-02
    -7.65117943e-01 5.28059204e+02 -9.62145641e-05 5.01376053e-04
    9.99597907e-01</data></cumhom0296>
</opencv_storage>
