<?xml version="1.0"?>
<opencv_storage>
<cumhom0123 type_id="opencv-matrix">
  <rows>3</rows>
  <cols>3</cols>
  <dt>f</dt>
  <data>
    9.49436307e-01 5.51384866e-01 -1.35244965e+02 -2.57387936e-01
    9.55937982e-01 -3.82662654e+00 7.42051998e-05 9.26963112e-05
    9.94136095e-01</data></cumhom0123>
</opencv_storage>
