<?xml version="1.0"?>
<opencv_storage>
<cumhom0185 type_id="opencv-matrix">
  <rows>3</rows>
  <cols>3</cols>
  <dt>f</dt>
  <data>
    6.13166630e-01 1.06023479e+00 -3.14318970e+02 -4.57776070e-01
    6.78268909e-01 2.98040955e+02 -9.53556155e-05 5.76770399e-05
    1.03179252e+00</data></cumhom0185>
</opencv_storage>
