<?xml version="1.0"?>
<opencv_storage>
<cumhom0161 type_id="opencv-matrix">
  <rows>3</rows>
  <cols>3</cols>
  <dt>f</dt>
  <data>
    8.13461661e-01 7.74748564e-01 -3.43295532e+02 -3.22836250e-01
    8.56245756e-01 1.08189041e+02 -3.20795443e-05 1.60016934e-04
    9.93802607e-01</data></cumhom0161>
</opencv_storage>
