<?xml version="1.0"?>
<opencv_storage>
<cumhom0260 type_id="opencv-matrix">
  <rows>3</rows>
  <cols>3</cols>
  <dt>f</dt>
  <data>
    -9.79090214e-01 6.02690995e-01 2.17395035e+02 -3.93381387e-01
    -5.75423241e-01 5.97581177e+02 2.76013714e-04 4.82744828e-04
    9.42141056e-01</data></cumhom0260>
</opencv_storage>
