<?xml version="1.0"?>
<opencv_storage>
<cumhom0261 type_id="opencv-matrix">
  <rows>3</rows>
  <cols>3</cols>
  <dt>f</dt>
  <data>
    -9.85848367e-01 5.70067585e-01 2.28186127e+02 -3.84854168e-01
    -5.83338141e-01 5.98831604e+02 2.64064438e-04 5.03238465e-04
    9.41561818e-01</data></cumhom0261>
</opencv_storage>
