<?xml version="1.0"?>
<opencv_storage>
<cumhom0217 type_id="opencv-matrix">
  <rows>3</rows>
  <cols>3</cols>
  <dt>f</dt>
  <data>
    -1.42221525e-01 1.32903218e+00 -1.86799332e+02 -6.26310468e-01
    4.35598269e-02 4.78162476e+02 1.11265043e-04 -2.05880118e-04
    1.02978909e+00</data></cumhom0217>
</opencv_storage>
