<?xml version="1.0"?>
<opencv_storage>
<cumhom0183 type_id="opencv-matrix">
  <rows>3</rows>
  <cols>3</cols>
  <dt>f</dt>
  <data>
    6.55434251e-01 1.01729929e+00 -3.19243744e+02 -4.37633932e-01
    7.19609022e-01 2.85195740e+02 -1.05244450e-04 1.01885780e-04
    1.02966881e+00</data></cumhom0183>
</opencv_storage>
