<?xml version="1.0"?>
<opencv_storage>
<cumhom0171 type_id="opencv-matrix">
  <rows>3</rows>
  <cols>3</cols>
  <dt>f</dt>
  <data>
    7.31379092e-01 8.93335700e-01 -3.21025787e+02 -3.89410466e-01
    7.71211147e-01 1.90923355e+02 -1.36526258e-04 8.80153311e-05
    1.00926876e+00</data></cumhom0171>
</opencv_storage>
