<?xml version="1.0"?>
<opencv_storage>
<cumhom0146 type_id="opencv-matrix">
  <rows>3</rows>
  <cols>3</cols>
  <dt>f</dt>
  <data>
    9.10730183e-01 5.41473806e-01 -2.28772110e+02 -2.47295558e-01
    9.44657266e-01 -4.27102661e+01 3.54734293e-05 1.26962404e-04
    9.88914728e-01</data></cumhom0146>
</opencv_storage>
