<?xml version="1.0"?>
<opencv_storage>
<cumhom0266 type_id="opencv-matrix">
  <rows>3</rows>
  <cols>3</cols>
  <dt>f</dt>
  <data>
    -1.02768564e+00 4.45519477e-01 2.91314331e+02 -3.34134638e-01
    -6.34488106e-01 6.04888855e+02 2.50123005e-04 5.31420344e-04
    9.38279510e-01</data></cumhom0266>
</opencv_storage>
