<?xml version="1.0"?>
<opencv_storage>
<cumhom0272 type_id="opencv-matrix">
  <rows>3</rows>
  <cols>3</cols>
  <dt>f</dt>
  <data>
    -9.52576041e-01 4.78451103e-01 2.47018021e+02 -4.22603518e-01
    -6.41465068e-01 6.35825806e+02 2.27961384e-04 5.78117440e-04
    9.22371566e-01</data></cumhom0272>
</opencv_storage>
