<?xml version="1.0"?>
<opencv_storage>
<cumhom0238 type_id="opencv-matrix">
  <rows>3</rows>
  <cols>3</cols>
  <dt>f</dt>
  <data>
    -4.42171961e-01 1.23909175e+00 -9.24861298e+01 -6.33776307e-01
    -1.36692986e-01 5.24693054e+02 4.35976108e-04 1.03469856e-05
    9.75387156e-01</data></cumhom0238>
</opencv_storage>
