<?xml version="1.0"?>
<opencv_storage>
<cumhom0142 type_id="opencv-matrix">
  <rows>3</rows>
  <cols>3</cols>
  <dt>f</dt>
  <data>
    9.36855912e-01 4.51107442e-01 -2.12408966e+02 -2.02395812e-01
    9.66003239e-01 -5.97282257e+01 4.16753392e-05 1.15487586e-04
    9.88265574e-01</data></cumhom0142>
</opencv_storage>
