<?xml version="1.0"?>
<opencv_storage>
<cumhom0257 type_id="opencv-matrix">
  <rows>3</rows>
  <cols>3</cols>
  <dt>f</dt>
  <data>
    -7.95573711e-01 8.55801940e-01 6.85793991e+01 -5.52488983e-01
    -4.37351376e-01 5.95048828e+02 3.30284471e-04 4.35559254e-04
    9.32318330e-01</data></cumhom0257>
</opencv_storage>
