<?xml version="1.0"?>
<opencv_storage>
<cumhom0203 type_id="opencv-matrix">
  <rows>3</rows>
  <cols>3</cols>
  <dt>f</dt>
  <data>
    2.15949833e-01 1.27823746e+00 -2.72044922e+02 -6.04792356e-01
    3.47307891e-01 4.03618408e+02 -7.96715831e-05 -1.03281178e-04
    1.04152215e+00</data></cumhom0203>
</opencv_storage>
