<?xml version="1.0"?>
<opencv_storage>
<cumhom0219 type_id="opencv-matrix">
  <rows>3</rows>
  <cols>3</cols>
  <dt>f</dt>
  <data>
    -7.30046257e-03 1.28522778e+00 -2.43243103e+02 -6.39527559e-01
    1.91736773e-01 4.38790680e+02 1.51950808e-04 -2.38176464e-04
    1.02188718e+00</data></cumhom0219>
</opencv_storage>
