<?xml version="1.0"?>
<opencv_storage>
<cumhom0151 type_id="opencv-matrix">
  <rows>3</rows>
  <cols>3</cols>
  <dt>f</dt>
  <data>
    8.07919800e-01 8.11154544e-01 -3.05956421e+02 -3.74845922e-01
    8.41912687e-01 3.52162170e+01 2.11558418e-05 1.75731082e-04
    9.84772623e-01</data></cumhom0151>
</opencv_storage>
