<?xml version="1.0"?>
<opencv_storage>
<cumhom0128 type_id="opencv-matrix">
  <rows>3</rows>
  <cols>3</cols>
  <dt>f</dt>
  <data>
    8.90419364e-01 6.59130991e-01 -1.52722260e+02 -3.20830554e-01
    9.08101261e-01 -1.88008916e+00 5.92475153e-05 7.82796851e-05
    9.92771029e-01</data></cumhom0128>
</opencv_storage>
