<?xml version="1.0"?>
<opencv_storage>
<cumhom0275 type_id="opencv-matrix">
  <rows>3</rows>
  <cols>3</cols>
  <dt>f</dt>
  <data>
    -1.07225561e+00 1.53722763e-01 4.11880737e+02 -2.31665909e-01
    -7.12609231e-01 6.04721375e+02 1.76608490e-04 5.81055880e-04
    9.41495836e-01</data></cumhom0275>
</opencv_storage>
