<?xml version="1.0"?>
<opencv_storage>
<cumhom0188 type_id="opencv-matrix">
  <rows>3</rows>
  <cols>3</cols>
  <dt>f</dt>
  <data>
    6.64464295e-01 9.31314945e-01 -3.33536865e+02 -4.05890673e-01
    7.72310734e-01 2.51752136e+02 -1.00421719e-04 1.54413683e-05
    1.03580904e+00</data></cumhom0188>
</opencv_storage>
