<?xml version="1.0"?>
<opencv_storage>
<cumhom0183 type_id="opencv-matrix">
  <rows>3</rows>
  <cols>3</cols>
  <dt>f</dt>
  <data>
    7.55475938e-01 8.03652346e-01 -3.35926636e+02 -3.35366279e-01
    8.48410845e-01 2.19765045e+02 -1.11963040e-04 7.34886635e-05
    1.03138471e+00</data></cumhom0183>
</opencv_storage>
