<?xml version="1.0"?>
<opencv_storage>
<cumhom0140 type_id="opencv-matrix">
  <rows>3</rows>
  <cols>3</cols>
  <dt>f</dt>
  <data>
    8.77267897e-01 6.61613464e-01 -2.61490601e+02 -3.09395820e-01
    8.97515357e-01 -1.40399323e+01 5.66696654e-05 1.20575387e-04
    9.84168172e-01</data></cumhom0140>
</opencv_storage>
