<?xml version="1.0"?>
<opencv_storage>
<cumhom0105 type_id="opencv-matrix">
  <rows>3</rows>
  <cols>3</cols>
  <dt>f</dt>
  <data>
    1.00043333e+00 1.65291861e-01 -2.99001350e+01 -8.14661458e-02
    1.00166488e+00 1.39114571e+01 1.55617854e-05 3.00499778e-05
    1.00012016e+00</data></cumhom0105>
</opencv_storage>
