<?xml version="1.0"?>
<opencv_storage>
<cumhom0268 type_id="opencv-matrix">
  <rows>3</rows>
  <cols>3</cols>
  <dt>f</dt>
  <data>
    -1.03612995e+00 3.92464697e-01 3.16681549e+02 -3.16302478e-01
    -6.49291635e-01 6.06267944e+02 2.35326384e-04 5.45020506e-04
    9.37610626e-01</data></cumhom0268>
</opencv_storage>
