<?xml version="1.0"?>
<opencv_storage>
<cumhom0189 type_id="opencv-matrix">
  <rows>3</rows>
  <cols>3</cols>
  <dt>f</dt>
  <data>
    5.23110509e-01 1.14187860e+00 -3.06578705e+02 -5.04077673e-01
    6.04350924e-01 3.21360809e+02 -1.01815414e-04 2.72215693e-05
    1.03537035e+00</data></cumhom0189>
</opencv_storage>
