<?xml version="1.0"?>
<opencv_storage>
<cumhom0107 type_id="opencv-matrix">
  <rows>3</rows>
  <cols>3</cols>
  <dt>f</dt>
  <data>
    9.89484429e-01 2.19040766e-01 -3.82587776e+01 -1.12931587e-01
    9.90061760e-01 1.97963028e+01 1.37667021e-05 1.86651632e-05
    1.00014412e+00</data></cumhom0107>
</opencv_storage>
