<?xml version="1.0"?>
<opencv_storage>
<cumhom0277 type_id="opencv-matrix">
  <rows>3</rows>
  <cols>3</cols>
  <dt>f</dt>
  <data>
    -1.07623208e+00 7.83479214e-02 4.39256104e+02 -2.04142600e-01
    -7.28523374e-01 6.03107178e+02 1.54371242e-04 5.90282085e-04
    9.43126202e-01</data></cumhom0277>
</opencv_storage>
