<?xml version="1.0"?>
<opencv_storage>
<cumhom0109 type_id="opencv-matrix">
  <rows>3</rows>
  <cols>3</cols>
  <dt>f</dt>
  <data>
    9.81765211e-01 2.73249120e-01 -4.79870758e+01 -1.41057611e-01
    9.79914069e-01 2.17763557e+01 1.67225844e-05 1.76282956e-05
    1.00002682e+00</data></cumhom0109>
</opencv_storage>
