<?xml version="1.0"?>
<opencv_storage>
<cumhom0130 type_id="opencv-matrix">
  <rows>3</rows>
  <cols>3</cols>
  <dt>f</dt>
  <data>
    9.51306522e-01 4.30993527e-01 -1.08029205e+02 -2.04330772e-01
    9.74445224e-01 -3.99960213e+01 4.37537965e-05 5.97926301e-05
    9.94290113e-01</data></cumhom0130>
</opencv_storage>
