<?xml version="1.0"?>
<opencv_storage>
<cumhom0119 type_id="opencv-matrix">
  <rows>3</rows>
  <cols>3</cols>
  <dt>f</dt>
  <data>
    9.68594551e-01 4.59763378e-01 -1.13374863e+02 -2.14201063e-01
    9.66743410e-01 1.77579761e-01 6.36310579e-05 7.11684115e-05
    9.95966315e-01</data></cumhom0119>
</opencv_storage>
