<?xml version="1.0"?>
<opencv_storage>
<cumhom0108 type_id="opencv-matrix">
  <rows>3</rows>
  <cols>3</cols>
  <dt>f</dt>
  <data>
    9.84099567e-01 2.49289960e-01 -4.33160782e+01 -1.28030971e-01
    9.83237743e-01 2.15100441e+01 1.26598143e-05 1.58570183e-05
    1.00009120e+00</data></cumhom0108>
</opencv_storage>
