<?xml version="1.0"?>
<opencv_storage>
<cumhom0252 type_id="opencv-matrix">
  <rows>3</rows>
  <cols>3</cols>
  <dt>f</dt>
  <data>
    -8.73789251e-01 8.57722640e-01 1.33798004e+02 -4.68455344e-01
    -4.66928840e-01 5.83605530e+02 3.41042934e-04 3.69824993e-04
    9.50055242e-01</data></cumhom0252>
</opencv_storage>
