<?xml version="1.0"?>
<opencv_storage>
<cumhom0238 type_id="opencv-matrix">
  <rows>3</rows>
  <cols>3</cols>
  <dt>f</dt>
  <data>
    -6.28209591e-01 1.17864966e+00 5.76646233e+00 -5.49180329e-01
    -3.08505267e-01 5.48440369e+02 4.17421252e-04 2.86584582e-05
    9.83116508e-01</data></cumhom0238>
</opencv_storage>
