<?xml version="1.0"?>
<opencv_storage>
<cumhom0200 type_id="opencv-matrix">
  <rows>3</rows>
  <cols>3</cols>
  <dt>f</dt>
  <data>
    2.87033170e-01 1.24728286e+00 -2.82549622e+02 -5.85399806e-01
    4.00077641e-01 3.84552063e+02 -1.05611456e-04 -1.04296145e-04
    1.04060245e+00</data></cumhom0200>
</opencv_storage>
