<?xml version="1.0"?>
<opencv_storage>
<cumhom0291 type_id="opencv-matrix">
  <rows>3</rows>
  <cols>3</cols>
  <dt>f</dt>
  <data>
    -1.01136827e+00 -4.45363611e-01 6.18922119e+02 -4.06711455e-03
    -7.86566734e-01 5.53592957e+02 -2.50307730e-05 5.07372955e-04
    9.80809748e-01</data></cumhom0291>
</opencv_storage>
