<?xml version="1.0"?>
<opencv_storage>
<cumhom0137 type_id="opencv-matrix">
  <rows>3</rows>
  <cols>3</cols>
  <dt>f</dt>
  <data>
    8.87114644e-01 6.28764629e-01 -2.37422394e+02 -2.94888675e-01
    9.02808189e-01 -1.70460243e+01 5.15685679e-05 8.85319823e-05
    9.85799193e-01</data></cumhom0137>
</opencv_storage>
