<?xml version="1.0"?>
<opencv_storage>
<cumhom0236 type_id="opencv-matrix">
  <rows>3</rows>
  <cols>3</cols>
  <dt>f</dt>
  <data>
    -4.00282711e-01 1.25735748e+00 -1.05105965e+02 -6.37858629e-01
    -1.13203041e-01 5.17309570e+02 4.17493837e-04 -5.49430479e-05
    9.80876088e-01</data></cumhom0236>
</opencv_storage>
