<?xml version="1.0"?>
<opencv_storage>
<cumhom0118 type_id="opencv-matrix">
  <rows>3</rows>
  <cols>3</cols>
  <dt>f</dt>
  <data>
    9.75989699e-01 4.42273587e-01 -1.07892250e+02 -2.07415625e-01
    9.71918702e-01 1.93565083e+00 6.76685449e-05 6.74219773e-05
    9.96447265e-01</data></cumhom0118>
</opencv_storage>
