<?xml version="1.0"?>
<opencv_storage>
<cumhom0312 type_id="opencv-matrix">
  <rows>3</rows>
  <cols>3</cols>
  <dt>f</dt>
  <data>
    -7.29577780e-01 -8.90337169e-01 6.93962219e+02 2.27841884e-01
    -7.39129186e-01 4.93382904e+02 -3.12525139e-04 5.73289348e-04
    1.07893765e+00</data></cumhom0312>
</opencv_storage>
