<?xml version="1.0"?>
<opencv_storage>
<cumhom0213 type_id="opencv-matrix">
  <rows>3</rows>
  <cols>3</cols>
  <dt>f</dt>
  <data>
    -4.43740152e-02 1.32425380e+00 -2.18365692e+02 -6.28061712e-01
    1.14643045e-01 4.57045227e+02 4.18264535e-05 -2.38276698e-04
    1.03698552e+00</data></cumhom0213>
</opencv_storage>
