<?xml version="1.0"?>
<opencv_storage>
<cumhom0223 type_id="opencv-matrix">
  <rows>3</rows>
  <cols>3</cols>
  <dt>f</dt>
  <data>
    -2.94322759e-01 1.30570912e+00 -1.29838791e+02 -6.18007600e-01
    -7.27258176e-02 5.01854645e+02 1.85750585e-04 -1.59394054e-04
    1.01673770e+00</data></cumhom0223>
</opencv_storage>
