<?xml version="1.0"?>
<opencv_storage>
<cumhom0106 type_id="opencv-matrix">
  <rows>3</rows>
  <cols>3</cols>
  <dt>f</dt>
  <data>
    9.92737949e-01 1.93003863e-01 -3.38465919e+01 -9.83211771e-02
    9.95734036e-01 1.74871521e+01 1.03896436e-05 2.55960076e-05
    1.00014687e+00</data></cumhom0106>
</opencv_storage>
