<?xml version="1.0"?>
<opencv_storage>
<cumhom0206 type_id="opencv-matrix">
  <rows>3</rows>
  <cols>3</cols>
  <dt>f</dt>
  <data>
    1.40643835e-01 1.28004754e+00 -2.54936859e+02 -6.17664278e-01
    2.69793957e-01 4.19159729e+02 -8.59674910e-05 -1.58211275e-04
    1.04095066e+00</data></cumhom0206>
</opencv_storage>
