<?xml version="1.0"?>
<opencv_storage>
<cumhom0157 type_id="opencv-matrix">
  <rows>3</rows>
  <cols>3</cols>
  <dt>f</dt>
  <data>
    8.89598429e-01 5.41516364e-01 -2.95405151e+02 -2.13969573e-01
    9.52205598e-01 9.30505753e+00 -2.87212024e-05 1.59628195e-04
    9.92617965e-01</data></cumhom0157>
</opencv_storage>
