<?xml version="1.0"?>
<opencv_storage>
<cumhom0209 type_id="opencv-matrix">
  <rows>3</rows>
  <cols>3</cols>
  <dt>f</dt>
  <data>
    6.12768307e-02 1.29567671e+00 -2.38670975e+02 -6.30717039e-01
    2.04472259e-01 4.36460266e+02 -5.88115872e-05 -1.73566383e-04
    1.04020083e+00</data></cumhom0209>
</opencv_storage>
