<?xml version="1.0"?>
<opencv_storage>
<cumhom0139 type_id="opencv-matrix">
  <rows>3</rows>
  <cols>3</cols>
  <dt>f</dt>
  <data>
    9.46003139e-01 3.89626324e-01 -1.92197449e+02 -1.71827033e-01
    9.71119583e-01 -6.60831146e+01 3.63247163e-05 7.20578464e-05
    9.88949597e-01</data></cumhom0139>
</opencv_storage>
