<?xml version="1.0"?>
<opencv_storage>
<cumhom0285 type_id="opencv-matrix">
  <rows>3</rows>
  <cols>3</cols>
  <dt>f</dt>
  <data>
    -1.06299853e+00 -1.84572056e-01 5.49936462e+02 -1.09631933e-01
    -7.66947567e-01 5.83087708e+02 5.34192295e-05 5.48599171e-04
    9.57984388e-01</data></cumhom0285>
</opencv_storage>
