<?xml version="1.0"?>
<opencv_storage>
<cumhom0151 type_id="opencv-matrix">
  <rows>3</rows>
  <cols>3</cols>
  <dt>f</dt>
  <data>
    8.94156814e-01 5.72397828e-01 -2.56867767e+02 -2.54053742e-01
    9.38240826e-01 -2.30259933e+01 1.06814614e-05 1.49615502e-04
    9.89447415e-01</data></cumhom0151>
</opencv_storage>
