<?xml version="1.0"?>
<opencv_storage>
<cumhom0135 type_id="opencv-matrix">
  <rows>3</rows>
  <cols>3</cols>
  <dt>f</dt>
  <data>
    9.49532986e-01 3.87945443e-01 -1.55271118e+02 -1.75037995e-01
    9.73459005e-01 -5.76980057e+01 3.59852129e-05 6.51733426e-05
    9.91180360e-01</data></cumhom0135>
</opencv_storage>
