<?xml version="1.0"?>
<opencv_storage>
<cumhom0206 type_id="opencv-matrix">
  <rows>3</rows>
  <cols>3</cols>
  <dt>f</dt>
  <data>
    3.02142024e-01 1.17009008e+00 -3.09090210e+02 -5.85038304e-01
    4.47883427e-01 3.60152374e+02 -8.07047181e-05 -1.85668599e-04
    1.03974295e+00</data></cumhom0206>
</opencv_storage>
