<?xml version="1.0"?>
<opencv_storage>
<cumhom0235 type_id="opencv-matrix">
  <rows>3</rows>
  <cols>3</cols>
  <dt>f</dt>
  <data>
    -5.67181110e-01 1.22045994e+00 -1.79954376e+01 -5.67731559e-01
    -2.68228531e-01 5.40903137e+02 3.83651030e-04 -2.66959869e-05
    9.90715086e-01</data></cumhom0235>
</opencv_storage>
