<?xml version="1.0"?>
<opencv_storage>
<cumhom0104 type_id="opencv-matrix">
  <rows>3</rows>
  <cols>3</cols>
  <dt>f</dt>
  <data>
    1.00277877e+00 1.32542729e-01 -2.49156113e+01 -6.53851405e-02
    1.00249028e+00 1.06537199e+01 1.42907620e-05 2.08033562e-05
    1.00013638e+00</data></cumhom0104>
</opencv_storage>
