<?xml version="1.0"?>
<opencv_storage>
<cumhom0170 type_id="opencv-matrix">
  <rows>3</rows>
  <cols>3</cols>
  <dt>f</dt>
  <data>
    7.46698201e-01 8.86158407e-01 -3.24623901e+02 -3.82351786e-01
    7.86735833e-01 1.84367371e+02 -1.05293642e-04 1.12631853e-04
    1.00816762e+00</data></cumhom0170>
</opencv_storage>
