<?xml version="1.0"?>
<opencv_storage>
<cumhom0187 type_id="opencv-matrix">
  <rows>3</rows>
  <cols>3</cols>
  <dt>f</dt>
  <data>
    6.85550570e-01 9.07923758e-01 -3.34483643e+02 -3.92250597e-01
    7.97970653e-01 2.46150192e+02 -9.95200462e-05 6.26506517e-05
    1.03503966e+00</data></cumhom0187>
</opencv_storage>
