<?xml version="1.0"?>
<opencv_storage>
<cumhom0256 type_id="opencv-matrix">
  <rows>3</rows>
  <cols>3</cols>
  <dt>f</dt>
  <data>
    -9.35487330e-01 7.35664964e-01 1.74516068e+02 -4.34470415e-01
    -5.20466089e-01 5.92214050e+02 3.10389994e-04 4.40252363e-04
    9.44786668e-01</data></cumhom0256>
</opencv_storage>
