<?xml version="1.0"?>
<opencv_storage>
<cumhom0152 type_id="opencv-matrix">
  <rows>3</rows>
  <cols>3</cols>
  <dt>f</dt>
  <data>
    8.04755092e-01 8.07102442e-01 -3.11024353e+02 -3.68933201e-01
    8.39953601e-01 4.01703110e+01 1.10779738e-05 1.63026765e-04
    9.84969974e-01</data></cumhom0152>
</opencv_storage>
