<?xml version="1.0"?>
<opencv_storage>
<cumhom0196 type_id="opencv-matrix">
  <rows>3</rows>
  <cols>3</cols>
  <dt>f</dt>
  <data>
    3.69969875e-01 1.21024239e+00 -2.91199951e+02 -5.51512837e-01
    4.40985531e-01 3.59890106e+02 -1.12050613e-04 -1.69923733e-04
    1.03951943e+00</data></cumhom0196>
</opencv_storage>
