<?xml version="1.0"?>
<opencv_storage>
<cumhom0199 type_id="opencv-matrix">
  <rows>3</rows>
  <cols>3</cols>
  <dt>f</dt>
  <data>
    4.57044721e-01 1.09273970e+00 -3.27987518e+02 -5.22225320e-01
    5.79032302e-01 3.15835693e+02 -1.15006937e-04 -1.49747269e-04
    1.04014516e+00</data></cumhom0199>
</opencv_storage>
