<?xml version="1.0"?>
<opencv_storage>
<cumhom0212 type_id="opencv-matrix">
  <rows>3</rows>
  <cols>3</cols>
  <dt>f</dt>
  <data>
    -2.03655604e-02 1.31683123e+00 -2.23463226e+02 -6.27651870e-01
    1.31203368e-01 4.51828033e+02 2.52926675e-05 -2.47020042e-04
    1.03810334e+00</data></cumhom0212>
</opencv_storage>
