<?xml version="1.0"?>
<opencv_storage>
<cumhom0233 type_id="opencv-matrix">
  <rows>3</rows>
  <cols>3</cols>
  <dt>f</dt>
  <data>
    -5.23360789e-01 1.23035288e+00 -3.67394485e+01 -5.82577288e-01
    -2.37803280e-01 5.34263428e+02 3.23114480e-04 -3.02761619e-05
    9.96235013e-01</data></cumhom0233>
</opencv_storage>
