<?xml version="1.0"?>
<opencv_storage>
<cumhom0135 type_id="opencv-matrix">
  <rows>3</rows>
  <cols>3</cols>
  <dt>f</dt>
  <data>
    8.82662714e-01 6.43741012e-01 -2.15769592e+02 -3.04677486e-01
    9.00603235e-01 -1.30526314e+01 4.87792204e-05 8.88229624e-05
    9.87593412e-01</data></cumhom0135>
</opencv_storage>
