<?xml version="1.0"?>
<opencv_storage>
<cumhom0225 type_id="opencv-matrix">
  <rows>3</rows>
  <cols>3</cols>
  <dt>f</dt>
  <data>
    -1.59934968e-01 1.28709006e+00 -1.95710983e+02 -6.54246151e-01
    7.71284774e-02 4.67926819e+02 2.20701695e-04 -1.49128478e-04
    1.00797117e+00</data></cumhom0225>
</opencv_storage>
