<?xml version="1.0"?>
<opencv_storage>
<cumhom0270 type_id="opencv-matrix">
  <rows>3</rows>
  <cols>3</cols>
  <dt>f</dt>
  <data>
    -1.03984153e+00 3.32727700e-01 3.41362762e+02 -3.00719261e-01
    -6.62452221e-01 6.06922302e+02 2.05328106e-04 5.56003535e-04
    9.37749147e-01</data></cumhom0270>
</opencv_storage>
