<?xml version="1.0"?>
<opencv_storage>
<cumhom0167 type_id="opencv-matrix">
  <rows>3</rows>
  <cols>3</cols>
  <dt>f</dt>
  <data>
    7.79679358e-01 8.45114291e-01 -3.33280457e+02 -3.54628623e-01
    8.27653885e-01 1.61355713e+02 -7.27363877e-05 1.62214099e-04
    1.00383091e+00</data></cumhom0167>
</opencv_storage>
