<?xml version="1.0"?>
<opencv_storage>
<cumhom0224 type_id="opencv-matrix">
  <rows>3</rows>
  <cols>3</cols>
  <dt>f</dt>
  <data>
    -1.35044709e-01 1.28730190e+00 -2.03052963e+02 -6.53088510e-01
    9.92248952e-02 4.63482025e+02 2.09023972e-04 -1.64320416e-04
    1.01006591e+00</data></cumhom0224>
</opencv_storage>
