<?xml version="1.0"?>
<opencv_storage>
<cumhom0258 type_id="opencv-matrix">
  <rows>3</rows>
  <cols>3</cols>
  <dt>f</dt>
  <data>
    -9.55659688e-01 6.65293217e-01 1.94889435e+02 -4.13970500e-01
    -5.51416218e-01 5.94671082e+02 2.90918280e-04 4.51465545e-04
    9.43486512e-01</data></cumhom0258>
</opencv_storage>
