<?xml version="1.0"?>
<opencv_storage>
<cumhom0201 type_id="opencv-matrix">
  <rows>3</rows>
  <cols>3</cols>
  <dt>f</dt>
  <data>
    2.62786359e-01 1.25895476e+00 -2.79407776e+02 -5.92952967e-01
    3.88520420e-01 3.90764160e+02 -9.60267571e-05 -9.58199380e-05
    1.04096663e+00</data></cumhom0201>
</opencv_storage>
