<?xml version="1.0"?>
<opencv_storage>
<cumhom0228 type_id="opencv-matrix">
  <rows>3</rows>
  <cols>3</cols>
  <dt>f</dt>
  <data>
    -4.24627066e-01 1.26624346e+00 -8.40502396e+01 -6.08332872e-01
    -1.56499565e-01 5.18145996e+02 2.41889255e-04 -5.89408228e-05
    1.00678384e+00</data></cumhom0228>
</opencv_storage>
