<?xml version="1.0"?>
<opencv_storage>
<cumhom0103 type_id="opencv-matrix">
  <rows>3</rows>
  <cols>3</cols>
  <dt>f</dt>
  <data>
    1.00020695e+00 9.99949723e-02 -1.89136658e+01 -4.95627820e-02
    1.00368285e+00 7.46915579e+00 4.24333393e-06 2.34711861e-05
    1.00009584e+00</data></cumhom0103>
</opencv_storage>
