<?xml version="1.0"?>
<opencv_storage>
<cumhom0272 type_id="opencv-matrix">
  <rows>3</rows>
  <cols>3</cols>
  <dt>f</dt>
  <data>
    -1.06162179e+00 2.66704321e-01 3.71990936e+02 -2.74782777e-01
    -6.83480144e-01 6.08296753e+02 2.04588199e-04 5.74826263e-04
    9.37736094e-01</data></cumhom0272>
</opencv_storage>
