<?xml version="1.0"?>
<opencv_storage>
<cumhom0310 type_id="opencv-matrix">
  <rows>3</rows>
  <cols>3</cols>
  <dt>f</dt>
  <data>
    -6.92362130e-01 -1.05993545e+00 7.65671631e+02 2.92486161e-01
    -6.23449624e-01 4.25824951e+02 -2.84479902e-04 5.37350657e-04
    1.08376813e+00</data></cumhom0310>
</opencv_storage>
