<?xml version="1.0"?>
<opencv_storage>
<cumhom0281 type_id="opencv-matrix">
  <rows>3</rows>
  <cols>3</cols>
  <dt>f</dt>
  <data>
    -1.01127422e+00 1.87601715e-01 3.74476929e+02 -3.02115798e-01
    -7.55251884e-01 6.42317505e+02 1.47802319e-04 6.05154491e-04
    9.30117548e-01</data></cumhom0281>
</opencv_storage>
