<?xml version="1.0"?>
<opencv_storage>
<cumhom0201 type_id="opencv-matrix">
  <rows>3</rows>
  <cols>3</cols>
  <dt>f</dt>
  <data>
    4.14341480e-01 1.12025225e+00 -3.25256561e+02 -5.43387890e-01
    5.60508490e-01 3.28829010e+02 -9.33741248e-05 -1.24430851e-04
    1.04058146e+00</data></cumhom0201>
</opencv_storage>
