<?xml version="1.0"?>
<opencv_storage>
<cumhom0136 type_id="opencv-matrix">
  <rows>3</rows>
  <cols>3</cols>
  <dt>f</dt>
  <data>
    8.89724553e-01 6.33696258e-01 -2.27991089e+02 -2.97481358e-01
    9.03856218e-01 -1.59605579e+01 5.61989254e-05 8.87489878e-05
    9.86580014e-01</data></cumhom0136>
</opencv_storage>
