<?xml version="1.0"?>
<opencv_storage>
<cumhom0255 type_id="opencv-matrix">
  <rows>3</rows>
  <cols>3</cols>
  <dt>f</dt>
  <data>
    -9.17836845e-01 7.63835013e-01 1.63684967e+02 -4.47144121e-01
    -4.97235298e-01 5.89646729e+02 3.02110944e-04 4.47522703e-04
    9.46173549e-01</data></cumhom0255>
</opencv_storage>
