<?xml version="1.0"?>
<opencv_storage>
<cumhom0247 type_id="opencv-matrix">
  <rows>3</rows>
  <cols>3</cols>
  <dt>f</dt>
  <data>
    -6.19276106e-01 1.09109151e+00 -2.38494453e+01 -6.09213352e-01
    -2.72915125e-01 5.60240051e+02 4.07810323e-04 2.24786374e-04
    9.49854791e-01</data></cumhom0247>
</opencv_storage>
