<?xml version="1.0"?>
<opencv_storage>
<cumhom0162 type_id="opencv-matrix">
  <rows>3</rows>
  <cols>3</cols>
  <dt>f</dt>
  <data>
    8.08400631e-01 7.78998137e-01 -3.42264404e+02 -3.25101465e-01
    8.49605203e-01 1.17964973e+02 -4.88003498e-05 1.54675523e-04
    9.95429873e-01</data></cumhom0162>
</opencv_storage>
