<?xml version="1.0"?>
<opencv_storage>
<cumhom0211 type_id="opencv-matrix">
  <rows>3</rows>
  <cols>3</cols>
  <dt>f</dt>
  <data>
    1.75428852e-01 1.22883713e+00 -2.90174316e+02 -6.15437269e-01
    3.39024931e-01 3.91080994e+02 1.45709955e-05 -2.68325151e-04
    1.03688240e+00</data></cumhom0211>
</opencv_storage>
