<?xml version="1.0"?>
<opencv_storage>
<cumhom0243 type_id="opencv-matrix">
  <rows>3</rows>
  <cols>3</cols>
  <dt>f</dt>
  <data>
    -5.52262187e-01 1.16182899e+00 -5.51139870e+01 -6.20985389e-01
    -2.15230331e-01 5.43796509e+02 4.28541389e-04 1.51485467e-04
    9.60975647e-01</data></cumhom0243>
</opencv_storage>
