<?xml version="1.0"?>
<opencv_storage>
<cumhom0309 type_id="opencv-matrix">
  <rows>3</rows>
  <cols>3</cols>
  <dt>f</dt>
  <data>
    -7.20487118e-01 -1.02867520e+00 7.64676208e+02 2.72479147e-01
    -6.35633826e-01 4.34566284e+02 -2.77632877e-04 5.49242191e-04
    1.07566488e+00</data></cumhom0309>
</opencv_storage>
