<?xml version="1.0"?>
<opencv_storage>
<cumhom0249 type_id="opencv-matrix">
  <rows>3</rows>
  <cols>3</cols>
  <dt>f</dt>
  <data>
    -6.55272186e-01 1.05604923e+00 -6.23304844e+00 -5.97893715e-01
    -3.07240963e-01 5.67571838e+02 4.10629320e-04 2.40795940e-04
    9.45267260e-01</data></cumhom0249>
</opencv_storage>
