<?xml version="1.0"?>
<opencv_storage>
<cumhom0222 type_id="opencv-matrix">
  <rows>3</rows>
  <cols>3</cols>
  <dt>f</dt>
  <data>
    -2.67849863e-01 1.31338656e+00 -1.38371658e+02 -6.18707061e-01
    -5.50377779e-02 4.98424072e+02 1.78462782e-04 -1.79588387e-04
    1.01875746e+00</data></cumhom0222>
</opencv_storage>
