<?xml version="1.0"?>
<opencv_storage>
<cumhom0110 type_id="opencv-matrix">
  <rows>3</rows>
  <cols>3</cols>
  <dt>f</dt>
  <data>
    9.85420525e-01 3.01610261e-01 -5.44442406e+01 -1.51549011e-01
    9.81457233e-01 2.07943783e+01 3.13498895e-05 2.59796088e-05
    9.99892533e-01</data></cumhom0110>
</opencv_storage>
