<?xml version="1.0"?>
<opencv_storage>
<cumhom0164 type_id="opencv-matrix">
  <rows>3</rows>
  <cols>3</cols>
  <dt>f</dt>
  <data>
    7.96679258e-01 7.98294961e-01 -3.38638458e+02 -3.35985452e-01
    8.36254060e-01 1.37251572e+02 -8.39959030e-05 1.50185180e-04
    9.99022901e-01</data></cumhom0164>
</opencv_storage>
