<?xml version="1.0"?>
<opencv_storage>
<cumhom0144 type_id="opencv-matrix">
  <rows>3</rows>
  <cols>3</cols>
  <dt>f</dt>
  <data>
    9.24378991e-01 5.02142429e-01 -2.22140579e+02 -2.26311356e-01
    9.58137631e-01 -5.17858009e+01 3.50586015e-05 1.33689085e-04
    9.88399804e-01</data></cumhom0144>
</opencv_storage>
