<?xml version="1.0"?>
<opencv_storage>
<cumhom0112 type_id="opencv-matrix">
  <rows>3</rows>
  <cols>3</cols>
  <dt>f</dt>
  <data>
    9.89135325e-01 3.43738616e-01 -6.74811859e+01 -1.70361936e-01
    9.79413450e-01 1.71392670e+01 4.80215240e-05 3.69938825e-05
    9.99290049e-01</data></cumhom0112>
</opencv_storage>
