<?xml version="1.0"?>
<opencv_storage>
<cumhom0125 type_id="opencv-matrix">
  <rows>3</rows>
  <cols>3</cols>
  <dt>f</dt>
  <data>
    9.88392830e-01 3.30897927e-01 -8.52804337e+01 -1.50219381e-01
    1.00316715e+00 -3.67401886e+01 5.87066279e-05 5.48196222e-05
    9.95681226e-01</data></cumhom0125>
</opencv_storage>
