<?xml version="1.0"?>
<opencv_storage>
<cumhom0127 type_id="opencv-matrix">
  <rows>3</rows>
  <cols>3</cols>
  <dt>f</dt>
  <data>
    9.68128324e-01 3.76489162e-01 -9.16330261e+01 -1.77757755e-01
    9.87239361e-01 -3.72519913e+01 4.48204446e-05 5.26010481e-05
    9.95294273e-01</data></cumhom0127>
</opencv_storage>
