<?xml version="1.0"?>
<opencv_storage>
<cumhom0130 type_id="opencv-matrix">
  <rows>3</rows>
  <cols>3</cols>
  <dt>f</dt>
  <data>
    8.76026928e-01 6.86531723e-01 -1.64701279e+02 -3.33462954e-01
    8.95380020e-01 -2.30230975e+00 5.60612789e-05 8.41793662e-05
    9.91805255e-01</data></cumhom0130>
</opencv_storage>
