<?xml version="1.0"?>
<opencv_storage>
<cumhom0177 type_id="opencv-matrix">
  <rows>3</rows>
  <cols>3</cols>
  <dt>f</dt>
  <data>
    7.18974292e-01 9.08023417e-01 -3.22480835e+02 -3.94059151e-01
    7.68562198e-01 2.37454544e+02 -1.48288833e-04 1.17881849e-04
    1.01927900e+00</data></cumhom0177>
</opencv_storage>
