<?xml version="1.0"?>
<opencv_storage>
<cumhom0102 type_id="opencv-matrix">
  <rows>3</rows>
  <cols>3</cols>
  <dt>f</dt>
  <data>
    1.00437820e+00 6.96097165e-02 -1.36880474e+01 -3.20856161e-02
    1.00847518e+00 3.78144646e+00 5.40823839e-06 2.96683647e-05
    1.00002193e+00</data></cumhom0102>
</opencv_storage>
