<?xml version="1.0"?>
<opencv_storage>
<cumhom0222 type_id="opencv-matrix">
  <rows>3</rows>
  <cols>3</cols>
  <dt>f</dt>
  <data>
    -8.32272395e-02 1.29050219e+00 -2.17923737e+02 -6.47620320e-01
    1.34123474e-01 4.54728821e+02 1.91265863e-04 -2.03527801e-04
    1.01435828e+00</data></cumhom0222>
</opencv_storage>
