<?xml version="1.0"?>
<opencv_storage>
<cumhom0239 type_id="opencv-matrix">
  <rows>3</rows>
  <cols>3</cols>
  <dt>f</dt>
  <data>
    -4.66108859e-01 1.22218359e+00 -8.45621185e+01 -6.30091608e-01
    -1.53478548e-01 5.28539124e+02 4.43402940e-04 4.09727400e-05
    9.72412765e-01</data></cumhom0239>
</opencv_storage>
