<?xml version="1.0"?>
<opencv_storage>
<cumhom0307 type_id="opencv-matrix">
  <rows>3</rows>
  <cols>3</cols>
  <dt>f</dt>
  <data>
    -7.66441286e-01 -9.64314580e-01 7.62026428e+02 2.46797323e-01
    -6.59748673e-01 4.52309357e+02 -2.30545542e-04 5.78483799e-04
    1.05934095e+00</data></cumhom0307>
</opencv_storage>
