<?xml version="1.0"?>
<opencv_storage>
<cumhom0216 type_id="opencv-matrix">
  <rows>3</rows>
  <cols>3</cols>
  <dt>f</dt>
  <data>
    -1.15902491e-01 1.33015680e+00 -1.96175018e+02 -6.26386523e-01
    6.00870475e-02 4.72952637e+02 9.49386013e-05 -2.23611118e-04
    1.03194666e+00</data></cumhom0216>
</opencv_storage>
