<?xml version="1.0"?>
<opencv_storage>
<cumhom0172 type_id="opencv-matrix">
  <rows>3</rows>
  <cols>3</cols>
  <dt>f</dt>
  <data>
    7.25077808e-01 8.99870157e-01 -3.20159302e+02 -3.91745210e-01
    7.63811409e-01 1.98010803e+02 -1.36246861e-04 7.85896118e-05
    1.01064944e+00</data></cumhom0172>
</opencv_storage>
