<?xml version="1.0"?>
<opencv_storage>
<homografia_new0165 type_id="opencv-matrix">
  <rows>3</rows>
  <cols>3</cols>
  <dt>f</dt>
  <data>
    7.93946743e-01 8.13888848e-01 -3.37570007e+02 -3.38902593e-01
    8.39289427e-01 1.45619247e+02 -5.93007426e-05 1.60260985e-04
    1.00067210e+00</data></homografia_new0165>
</opencv_storage>
