<?xml version="1.0"?>
<opencv_storage>
<homografia_new0248 type_id="opencv-matrix">
  <rows>3</rows>
  <cols>3</cols>
  <dt>f</dt>
  <data>
    -8.10629070e-01 9.64435458e-01 9.38269806e+01 -4.93552834e-01
    -4.28000897e-01 5.75510498e+02 3.85843538e-04 2.55920924e-04
    9.57152128e-01</data></homografia_new0248>
</opencv_storage>
