<?xml version="1.0"?>
<opencv_storage>
<homografia_new0153 type_id="opencv-matrix">
  <rows>3</rows>
  <cols>3</cols>
  <dt>f</dt>
  <data>
    8.07095706e-01 8.04291010e-01 -3.16638214e+02 -3.64540458e-01
    8.45082343e-01 4.55982246e+01 8.01143324e-06 1.76785354e-04
    9.85251069e-01</data></homografia_new0153>
</opencv_storage>
