<?xml version="1.0"?>
<opencv_storage>
<homografia_new0156 type_id="opencv-matrix">
  <rows>3</rows>
  <cols>3</cols>
  <dt>f</dt>
  <data>
    8.15579832e-01 7.89121151e-01 -3.31195404e+02 -3.42214644e-01
    8.57244849e-01 6.49243851e+01 -2.87957846e-06 1.85774814e-04
    9.86928821e-01</data></homografia_new0156>
</opencv_storage>
