<?xml version="1.0"?>
<opencv_storage>
<homografia_new0232 type_id="opencv-matrix">
  <rows>3</rows>
  <cols>3</cols>
  <dt>f</dt>
  <data>
    -3.11992437e-01 1.25983584e+00 -1.37931793e+02 -6.51466012e-01
    -5.00853807e-02 4.98387512e+02 3.08071612e-04 -9.47092849e-05
    9.92913604e-01</data></homografia_new0232>
</opencv_storage>
