<?xml version="1.0"?>
<opencv_storage>
<homografia_new0218 type_id="opencv-matrix">
  <rows>3</rows>
  <cols>3</cols>
  <dt>f</dt>
  <data>
    -1.65727764e-01 1.32862473e+00 -1.77815643e+02 -6.23083532e-01
    2.16788929e-02 4.82254883e+02 1.29096225e-04 -2.13930165e-04
    1.02785230e+00</data></homografia_new0218>
</opencv_storage>
