<?xml version="1.0"?>
<opencv_storage>
<homografia_new0253 type_id="opencv-matrix">
  <rows>3</rows>
  <cols>3</cols>
  <dt>f</dt>
  <data>
    -8.88891876e-01 8.25063586e-01 1.43968201e+02 -4.58817333e-01
    -4.81422752e-01 5.86218811e+02 3.37807171e-04 3.89773835e-04
    9.48244274e-01</data></homografia_new0253>
</opencv_storage>
