<?xml version="1.0"?>
<opencv_storage>
<homografia_new0145 type_id="opencv-matrix">
  <rows>3</rows>
  <cols>3</cols>
  <dt>f</dt>
  <data>
    8.32977235e-01 7.65696824e-01 -2.81381256e+02 -3.60918790e-01
    8.58726323e-01 7.22719955e+00 4.37532944e-05 1.50382606e-04
    9.84142661e-01</data></homografia_new0145>
</opencv_storage>
