<?xml version="1.0"?>
<opencv_storage>
<homografia_new0279 type_id="opencv-matrix">
  <rows>3</rows>
  <cols>3</cols>
  <dt>f</dt>
  <data>
    -1.00876856e+00 2.48819575e-01 3.46338501e+02 -3.24005157e-01
    -7.38270760e-01 6.43474609e+02 1.80805553e-04 6.08848466e-04
    9.26876903e-01</data></homografia_new0279>
</opencv_storage>
