<?xml version="1.0"?>
<opencv_storage>
<homografia_new0119 type_id="opencv-matrix">
  <rows>3</rows>
  <cols>3</cols>
  <dt>f</dt>
  <data>
    1.00962007e+00 1.88912436e-01 -5.82733231e+01 -7.43258074e-02
    1.01263809e+00 -3.03732014e+01 4.80565504e-05 5.01568829e-05
    9.97449398e-01</data></homografia_new0119>
</opencv_storage>
