<?xml version="1.0"?>
<opencv_storage>
<homografia_new0185 type_id="opencv-matrix">
  <rows>3</rows>
  <cols>3</cols>
  <dt>f</dt>
  <data>
    7.20161259e-01 8.54636133e-01 -3.34512726e+02 -3.61247808e-01
    8.14550519e-01 2.33035629e+02 -1.01027697e-04 2.90254266e-05
    1.03325069e+00</data></homografia_new0185>
</opencv_storage>
