<?xml version="1.0"?>
<opencv_storage>
<homografia_new0282 type_id="opencv-matrix">
  <rows>3</rows>
  <cols>3</cols>
  <dt>f</dt>
  <data>
    -1.07859910e+00 -8.43064040e-02 5.12100769e+02 -1.36873350e-01
    -7.60973632e-01 5.93470764e+02 1.15216491e-04 5.76515798e-04
    9.50305581e-01</data></homografia_new0282>
</opencv_storage>
