<?xml version="1.0"?>
<opencv_storage>
<homografia_new0184 type_id="opencv-matrix">
  <rows>3</rows>
  <cols>3</cols>
  <dt>f</dt>
  <data>
    7.39088416e-01 8.31368506e-01 -3.35786469e+02 -3.48260254e-01
    8.32014561e-01 2.26487198e+02 -1.05455285e-04 4.99012822e-05
    1.03244805e+00</data></homografia_new0184>
</opencv_storage>
