<?xml version="1.0"?>
<opencv_storage>
<homografia_new0296 type_id="opencv-matrix">
  <rows>3</rows>
  <cols>3</cols>
  <dt>f</dt>
  <data>
    -9.53399420e-01 -3.97394001e-01 5.65258972e+02 -4.94739190e-02
    -8.49627614e-01 5.98482849e+02 -7.93967702e-05 5.22984599e-04
    9.79568303e-01</data></homografia_new0296>
</opencv_storage>
