<?xml version="1.0"?>
<opencv_storage>
<homografia_new0223 type_id="opencv-matrix">
  <rows>3</rows>
  <cols>3</cols>
  <dt>f</dt>
  <data>
    -1.08932622e-01 1.28890169e+00 -2.10621735e+02 -6.50779486e-01
    1.15385786e-01 4.59330231e+02 1.99039001e-04 -1.82976946e-04
    1.01213539e+00</data></homografia_new0223>
</opencv_storage>
