<?xml version="1.0"?>
<opencv_storage>
<homografia_new0288 type_id="opencv-matrix">
  <rows>3</rows>
  <cols>3</cols>
  <dt>f</dt>
  <data>
    -1.00354850e+00 -5.78854941e-02 4.69848083e+02 -2.08877116e-01
    -8.09904039e-01 6.27743713e+02 3.22772721e-05 5.56820829e-04
    9.49725091e-01</data></homografia_new0288>
</opencv_storage>
