<?xml version="1.0"?>
<opencv_storage>
<homografia_new0307 type_id="opencv-matrix">
  <rows>3</rows>
  <cols>3</cols>
  <dt>f</dt>
  <data>
    -8.29600990e-01 -7.32206106e-01 6.77742188e+02 1.37304574e-01
    -7.92109549e-01 5.36061768e+02 -2.19086738e-04 6.04674919e-04
    1.03852892e+00</data></homografia_new0307>
</opencv_storage>
