<?xml version="1.0"?>
<opencv_storage>
<homografia_new0133 type_id="opencv-matrix">
  <rows>3</rows>
  <cols>3</cols>
  <dt>f</dt>
  <data>
    8.73649895e-01 6.72213495e-01 -1.92139862e+02 -3.23163152e-01
    8.91721606e-01 -6.92014599e+00 4.71199128e-05 8.39303393e-05
    9.89493608e-01</data></homografia_new0133>
</opencv_storage>
