<?xml version="1.0"?>
<opencv_storage>
<homografia_new0275 type_id="opencv-matrix">
  <rows>3</rows>
  <cols>3</cols>
  <dt>f</dt>
  <data>
    -9.76263583e-01 3.76220882e-01 2.87221466e+02 -3.81383538e-01
    -6.86100960e-01 6.37896606e+02 1.99651928e-04 5.86843002e-04
    9.25422370e-01</data></homografia_new0275>
</opencv_storage>
