<?xml version="1.0"?>
<opencv_storage>
<homografia_new0221 type_id="opencv-matrix">
  <rows>3</rows>
  <cols>3</cols>
  <dt>f</dt>
  <data>
    -5.72494157e-02 1.28977120e+00 -2.26092484e+02 -6.46155357e-01
    1.57138914e-01 4.49796204e+02 1.76483227e-04 -2.05800199e-04
    1.01669264e+00</data></homografia_new0221>
</opencv_storage>
