<?xml version="1.0"?>
<opencv_storage>
<homografia_new0289 type_id="opencv-matrix">
  <rows>3</rows>
  <cols>3</cols>
  <dt>f</dt>
  <data>
    -9.98760998e-01 -1.01157248e-01 4.81591156e+02 -1.92011043e-01
    -8.21117282e-01 6.23700623e+02 1.18995795e-05 5.40623500e-04
    9.53859687e-01</data></homografia_new0289>
</opencv_storage>
