<?xml version="1.0"?>
<opencv_storage>
<homografia_new0262 type_id="opencv-matrix">
  <rows>3</rows>
  <cols>3</cols>
  <dt>f</dt>
  <data>
    -9.98647869e-01 5.46220422e-01 2.40467926e+02 -3.72761875e-01
    -5.97523868e-01 6.00833435e+02 2.69695884e-04 5.02732175e-04
    9.40545201e-01</data></homografia_new0262>
</opencv_storage>
