<?xml version="1.0"?>
<opencv_storage>
<homografia_new0166 type_id="opencv-matrix">
  <rows>3</rows>
  <cols>3</cols>
  <dt>f</dt>
  <data>
    7.91326761e-01 8.33608389e-01 -3.36922028e+02 -3.47469300e-01
    8.43062162e-01 1.53602905e+02 -6.00515195e-05 1.88206468e-04
    1.00216234e+00</data></homografia_new0166>
</opencv_storage>
