<?xml version="1.0"?>
<opencv_storage>
<homografia_new0113 type_id="opencv-matrix">
  <rows>3</rows>
  <cols>3</cols>
  <dt>f</dt>
  <data>
    9.59588408e-01 5.11650264e-01 -7.55675201e+01 -2.07918912e-01
    1.13596165e+00 8.53848839e+00 -1.71386055e-04 8.10470548e-04 1.</data></homografia_new0113>
</opencv_storage>
