<?xml version="1.0"?>
<opencv_storage>
<homografia_new0308 type_id="opencv-matrix">
  <rows>3</rows>
  <cols>3</cols>
  <dt>f</dt>
  <data>
    -8.14369321e-01 -7.62325943e-01 6.81625000e+02 1.49941891e-01
    -7.79496789e-01 5.27099121e+02 -2.53109989e-04 5.99313935e-04
    1.04682434e+00</data></homografia_new0308>
</opencv_storage>
