<?xml version="1.0"?>
<opencv_storage>
<homografia_new0168 type_id="opencv-matrix">
  <rows>3</rows>
  <cols>3</cols>
  <dt>f</dt>
  <data>
    7.66682267e-01 8.58043611e-01 -3.29597992e+02 -3.62259299e-01
    8.11588466e-01 1.69146500e+02 -7.71682098e-05 1.35525042e-04
    1.00536990e+00</data></homografia_new0168>
</opencv_storage>
