<?xml version="1.0"?>
<opencv_storage>
<homografia_new0305 type_id="opencv-matrix">
  <rows>3</rows>
  <cols>3</cols>
  <dt>f</dt>
  <data>
    -8.62194300e-01 -6.63804948e-01 6.63944702e+02 9.72526446e-02
    -8.10999632e-01 5.51641052e+02 -1.86932564e-04 5.92100318e-04
    1.02374029e+00</data></homografia_new0305>
</opencv_storage>
