<?xml version="1.0"?>
<opencv_storage>
<homografia_new0194 type_id="opencv-matrix">
  <rows>3</rows>
  <cols>3</cols>
  <dt>f</dt>
  <data>
    5.46287060e-01 1.03586006e+00 -3.31439240e+02 -4.74847913e-01
    6.55174494e-01 2.86132568e+02 -1.10123838e-04 -1.14889597e-04
    1.03952491e+00</data></homografia_new0194>
</opencv_storage>
