<?xml version="1.0"?>
<opencv_storage>
<homografia_new0229 type_id="opencv-matrix">
  <rows>3</rows>
  <cols>3</cols>
  <dt>f</dt>
  <data>
    -2.57914186e-01 1.27644372e+00 -1.62962830e+02 -6.61050320e-01
    1.01479637e-02 4.86126648e+02 2.67728436e-04 -7.27016086e-05
    9.99128938e-01</data></homografia_new0229>
</opencv_storage>
