<?xml version="1.0"?>
<opencv_storage>
<homografia_new0155 type_id="opencv-matrix">
  <rows>3</rows>
  <cols>3</cols>
  <dt>f</dt>
  <data>
    8.13059866e-01 7.96414435e-01 -3.27266815e+02 -3.49674493e-01
    8.53591383e-01 5.79989700e+01 6.75258889e-06 1.89786588e-04
    9.86159623e-01</data></homografia_new0155>
</opencv_storage>
