<?xml version="1.0"?>
<opencv_storage>
<homografia_new0179 type_id="opencv-matrix">
  <rows>3</rows>
  <cols>3</cols>
  <dt>f</dt>
  <data>
    7.08206952e-01 9.32869017e-01 -3.22975891e+02 -4.02240634e-01
    7.64099836e-01 2.54586029e+02 -1.34957285e-04 1.20840094e-04
    1.02334237e+00</data></homografia_new0179>
</opencv_storage>
