<?xml version="1.0"?>
<opencv_storage>
<homografia_new0152 type_id="opencv-matrix">
  <rows>3</rows>
  <cols>3</cols>
  <dt>f</dt>
  <data>
    8.88908803e-01 5.68297625e-01 -2.63171722e+02 -2.48551145e-01
    9.35931265e-01 -1.88829041e+01 5.94623089e-07 1.37020805e-04
    9.89677131e-01</data></homografia_new0152>
</opencv_storage>
