<?xml version="1.0"?>
<opencv_storage>
<homografia_new0263 type_id="opencv-matrix">
  <rows>3</rows>
  <cols>3</cols>
  <dt>f</dt>
  <data>
    -1.01019955e+00 5.19743919e-01 2.53668762e+02 -3.63245517e-01
    -6.04673624e-01 6.02849915e+02 2.69531331e-04 5.27016120e-04
    9.39342022e-01</data></homografia_new0263>
</opencv_storage>
