<?xml version="1.0"?>
<opencv_storage>
<homografia_new0243 type_id="opencv-matrix">
  <rows>3</rows>
  <cols>3</cols>
  <dt>f</dt>
  <data>
    -7.32440531e-01 1.07456267e+00 4.83687134e+01 -5.21279275e-01
    -3.71493042e-01 5.61574585e+02 4.08370805e-04 1.67124264e-04
    9.69666362e-01</data></homografia_new0243>
</opencv_storage>
