<?xml version="1.0"?>
<opencv_storage>
<homografia_new0147 type_id="opencv-matrix">
  <rows>3</rows>
  <cols>3</cols>
  <dt>f</dt>
  <data>
    8.18362594e-01 7.99506009e-01 -2.87104767e+02 -3.76561731e-01
    8.48224103e-01 1.65414410e+01 4.41314914e-05 1.59515956e-04
    9.84450281e-01</data></homografia_new0147>
</opencv_storage>
