<?xml version="1.0"?>
<opencv_storage>
<homografia_new0179 type_id="opencv-matrix">
  <rows>3</rows>
  <cols>3</cols>
  <dt>f</dt>
  <data>
    7.95844018e-01 7.09873855e-01 -3.31532928e+02 -2.92744577e-01
    8.79870474e-01 1.89290680e+02 -1.43101468e-04 9.34560667e-05
    1.02552211e+00</data></homografia_new0179>
</opencv_storage>
