<?xml version="1.0"?>
<opencv_storage>
<homografia_new0202 type_id="opencv-matrix">
  <rows>3</rows>
  <cols>3</cols>
  <dt>f</dt>
  <data>
    2.39271700e-01 1.27045596e+00 -2.76121307e+02 -5.98782122e-01
    3.67877573e-01 3.97295044e+02 -8.52600642e-05 -1.01501675e-04
    1.04133868e+00</data></homografia_new0202>
</opencv_storage>
