<?xml version="1.0"?>
<opencv_storage>
<homografia_new0276 type_id="opencv-matrix">
  <rows>3</rows>
  <cols>3</cols>
  <dt>f</dt>
  <data>
    -1.07756424e+00 1.14437401e-01 4.26788025e+02 -2.18077540e-01
    -7.20217109e-01 6.04632751e+02 1.68382088e-04 5.95965073e-04
    9.41731155e-01</data></homografia_new0276>
</opencv_storage>
