<?xml version="1.0"?>
<opencv_storage>
<homografia_new0116 type_id="opencv-matrix">
  <rows>3</rows>
  <cols>3</cols>
  <dt>f</dt>
  <data>
    1.01117408e+00 1.30650446e-01 -4.04280853e+01 -5.51041961e-02
    1.00762510e+00 -2.02614594e+01 4.71765452e-05 1.30609515e-05
    9.98557031e-01</data></homografia_new0116>
</opencv_storage>
