<?xml version="1.0"?>
<opencv_storage>
<homografia_new0146 type_id="opencv-matrix">
  <rows>3</rows>
  <cols>3</cols>
  <dt>f</dt>
  <data>
    8.24848056e-01 7.83634782e-01 -2.83726227e+02 -3.70021403e-01
    8.52069080e-01 1.19526081e+01 4.63447650e-05 1.52673369e-04
    9.84362721e-01</data></homografia_new0146>
</opencv_storage>
