<?xml version="1.0"?>
<opencv_storage>
<homografia_new0210 type_id="opencv-matrix">
  <rows>3</rows>
  <cols>3</cols>
  <dt>f</dt>
  <data>
    2.01843306e-01 1.21605992e+00 -2.94035339e+02 -6.11389518e-01
    3.54482800e-01 3.85575165e+02 -1.19715696e-05 -2.59857770e-04
    1.03791106e+00</data></homografia_new0210>
</opencv_storage>
