<?xml version="1.0"?>
<opencv_storage>
<homografia_new0138 type_id="opencv-matrix">
  <rows>3</rows>
  <cols>3</cols>
  <dt>f</dt>
  <data>
    8.86925161e-01 6.33514822e-01 -2.46968765e+02 -2.96181470e-01
    9.03777659e-01 -1.73909340e+01 5.10807040e-05 1.01037098e-04
    9.85079765e-01</data></homografia_new0138>
</opencv_storage>
