<?xml version="1.0"?>
<opencv_storage>
<homografia_new0124 type_id="opencv-matrix">
  <rows>3</rows>
  <cols>3</cols>
  <dt>f</dt>
  <data>
    9.95293498e-01 3.03921461e-01 -8.13362503e+01 -1.33703798e-01
    1.01016510e+00 -3.73409081e+01 5.86136994e-05 6.21021536e-05
    9.95910525e-01</data></homografia_new0124>
</opencv_storage>
