<?xml version="1.0"?>
<opencv_storage>
<homografia_new0292 type_id="opencv-matrix">
  <rows>3</rows>
  <cols>3</cols>
  <dt>f</dt>
  <data>
    -9.84855413e-01 -2.37994611e-01 5.17913452e+02 -1.27798066e-01
    -8.43016803e-01 6.12804321e+02 -2.37904678e-05 5.27752505e-04
    9.65007126e-01</data></homografia_new0292>
</opencv_storage>
