<?xml version="1.0"?>
<opencv_storage>
<homografia_new0290 type_id="opencv-matrix">
  <rows>3</rows>
  <cols>3</cols>
  <dt>f</dt>
  <data>
    -9.94649172e-01 -1.47253036e-01 4.93797791e+02 -1.69333681e-01
    -8.32218647e-01 6.19835693e+02 3.88254557e-06 5.30870806e-04
    9.57893908e-01</data></homografia_new0290>
</opencv_storage>
