<?xml version="1.0"?>
<opencv_storage>
<homografia_new0168 type_id="opencv-matrix">
  <rows>3</rows>
  <cols>3</cols>
  <dt>f</dt>
  <data>
    8.45164776e-01 6.24445617e-01 -3.15572418e+02 -2.46091649e-01
    9.15691197e-01 1.04769569e+02 -8.69610740e-05 1.08937718e-04
    1.00877321e+00</data></homografia_new0168>
</opencv_storage>
