<?xml version="1.0"?>
<opencv_storage>
<homografia_new0284 type_id="opencv-matrix">
  <rows>3</rows>
  <cols>3</cols>
  <dt>f</dt>
  <data>
    -1.06995988e+00 -1.49957553e-01 5.38469177e+02 -1.16145685e-01
    -7.68685400e-01 5.86726746e+02 7.89104452e-05 5.58490807e-04
    9.55276728e-01</data></homografia_new0284>
</opencv_storage>
