<?xml version="1.0"?>
<opencv_storage>
<homografia_new0311 type_id="opencv-matrix">
  <rows>3</rows>
  <cols>3</cols>
  <dt>f</dt>
  <data>
    -7.50764012e-01 -8.61119211e-01 6.92703918e+02 2.14492172e-01
    -7.49657035e-01 5.01672943e+02 -2.89899763e-04 5.85906615e-04
    1.07113659e+00</data></homografia_new0311>
</opencv_storage>
