<?xml version="1.0"?>
<opencv_storage>
<homografia_new0239 type_id="opencv-matrix">
  <rows>3</rows>
  <cols>3</cols>
  <dt>f</dt>
  <data>
    -6.51059568e-01 1.15599346e+00 1.47396584e+01 -5.42031467e-01
    -3.21901709e-01 5.51026672e+02 4.24512982e-04 5.87063914e-05
    9.80342329e-01</data></homografia_new0239>
</opencv_storage>
