<?xml version="1.0"?>
<opencv_storage>
<homografia_new0215 type_id="opencv-matrix">
  <rows>3</rows>
  <cols>3</cols>
  <dt>f</dt>
  <data>
    -8.91443938e-02 1.32885122e+00 -2.04965591e+02 -6.27151966e-01
    7.68666565e-02 4.67540466e+02 7.15464266e-05 -2.29745056e-04
    1.03390896e+00</data></homografia_new0215>
</opencv_storage>
