<?xml version="1.0"?>
<opencv_storage>
<homografia_new0278 type_id="opencv-matrix">
  <rows>3</rows>
  <cols>3</cols>
  <dt>f</dt>
  <data>
    -9.98020828e-01 2.80074894e-01 3.29155884e+02 -3.37210149e-01
    -7.29007065e-01 6.41631836e+02 1.82209027e-04 5.90720272e-04
    9.26925719e-01</data></homografia_new0278>
</opencv_storage>
