<?xml version="1.0"?>
<opencv_storage>
<homografia_new0302 type_id="opencv-matrix">
  <rows>3</rows>
  <cols>3</cols>
  <dt>f</dt>
  <data>
    -8.97115171e-01 -5.80760300e-01 6.35859558e+02 4.94420603e-02
    -8.44084859e-01 5.70005615e+02 -1.34877948e-04 5.16214524e-04
    1.00692105e+00</data></homografia_new0302>
</opencv_storage>
