<?xml version="1.0"?>
<opencv_storage>
<homografia_new0204 type_id="opencv-matrix">
  <rows>3</rows>
  <cols>3</cols>
  <dt>f</dt>
  <data>
    1.88029960e-01 1.27120495e+00 -2.63923340e+02 -6.06592238e-01
    3.08328807e-01 4.07794495e+02 -9.23947955e-05 -1.56582872e-04
    1.04105067e+00</data></homografia_new0204>
</opencv_storage>
