<?xml version="1.0"?>
<opencv_storage>
<homografia_new0268 type_id="opencv-matrix">
  <rows>3</rows>
  <cols>3</cols>
  <dt>f</dt>
  <data>
    -9.14643824e-01 5.90550900e-01 1.93455444e+02 -4.60197747e-01
    -5.89714766e-01 6.26024292e+02 2.58727086e-04 5.45525865e-04
    9.23314571e-01</data></homografia_new0268>
</opencv_storage>
