<?xml version="1.0"?>
<opencv_storage>
<homografia_new0141 type_id="opencv-matrix">
  <rows>3</rows>
  <cols>3</cols>
  <dt>f</dt>
  <data>
    8.70131373e-01 6.80880725e-01 -2.67296295e+02 -3.18740308e-01
    8.92036736e-01 -1.10889072e+01 5.68465839e-05 1.25585299e-04
    9.83855307e-01</data></homografia_new0141>
</opencv_storage>
