<?xml version="1.0"?>
<opencv_storage>
<homografia_new0198 type_id="opencv-matrix">
  <rows>3</rows>
  <cols>3</cols>
  <dt>f</dt>
  <data>
    4.74869370e-01 1.07815993e+00 -3.28382050e+02 -5.10983467e-01
    5.91363490e-01 3.09183960e+02 -1.15788156e-04 -1.65756996e-04
    1.03984892e+00</data></homografia_new0198>
</opencv_storage>
