<?xml version="1.0"?>
<opencv_storage>
<homografia_new0126 type_id="opencv-matrix">
  <rows>3</rows>
  <cols>3</cols>
  <dt>f</dt>
  <data>
    9.76090789e-01 3.50001812e-01 -8.74694519e+01 -1.64867610e-01
    9.93581593e-01 -3.65113716e+01 5.22852060e-05 4.09170316e-05
    9.95547712e-01</data></homografia_new0126>
</opencv_storage>
