<?xml version="1.0"?>
<opencv_storage>
<homografia_new0274 type_id="opencv-matrix">
  <rows>3</rows>
  <cols>3</cols>
  <dt>f</dt>
  <data>
    -1.06917536e+00 1.90893993e-01 3.98846680e+02 -2.46218577e-01
    -7.05124557e-01 6.06051208e+02 1.85910991e-04 5.78140025e-04
    9.40227330e-01</data></homografia_new0274>
</opencv_storage>
