<?xml version="1.0"?>
<opencv_storage>
<homografia_new0105 type_id="opencv-matrix">
  <rows>3</rows>
  <cols>3</cols>
  <dt>f</dt>
  <data>
    9.90227103e-01 1.29048213e-01 -2.27366657e+01 -6.88179508e-02
    9.92532194e-01 1.30745621e+01 -3.45336866e-06 5.84797499e-06 1.</data></homografia_new0105>
</opencv_storage>
