<?xml version="1.0"?>
<opencv_storage>
<homografia_new0186 type_id="opencv-matrix">
  <rows>3</rows>
  <cols>3</cols>
  <dt>f</dt>
  <data>
    5.89992940e-01 1.08306646e+00 -3.11777222e+02 -4.71311778e-01
    6.70973480e-01 3.04297211e+02 -1.03864266e-04 8.99373917e-05
    1.03263187e+00</data></homografia_new0186>
</opencv_storage>
