<?xml version="1.0"?>
<opencv_storage>
<homografia_new0191 type_id="opencv-matrix">
  <rows>3</rows>
  <cols>3</cols>
  <dt>f</dt>
  <data>
    6.03422940e-01 9.84101236e-01 -3.31444855e+02 -4.47304398e-01
    7.19676375e-01 2.68128387e+02 -1.27843916e-04 -1.45690747e-05
    1.03757370e+00</data></homografia_new0191>
</opencv_storage>
