<?xml version="1.0"?>
<opencv_storage>
<homografia_new0269 type_id="opencv-matrix">
  <rows>3</rows>
  <cols>3</cols>
  <dt>f</dt>
  <data>
    -1.04080319e+00 3.66353244e-01 3.29715332e+02 -3.07936519e-01
    -6.54997826e-01 6.07162048e+02 2.25231706e-04 5.57752734e-04
    9.37193930e-01</data></homografia_new0269>
</opencv_storage>
