<?xml version="1.0"?>
<opencv_storage>
<homografia_new0263 type_id="opencv-matrix">
  <rows>3</rows>
  <cols>3</cols>
  <dt>f</dt>
  <data>
    -8.74614120e-01 7.01905727e-01 1.32834946e+02 -5.03102839e-01
    -5.27687013e-01 6.13744080e+02 2.93018093e-04 5.24566451e-04
    9.26276088e-01</data></homografia_new0263>
</opencv_storage>
