<?xml version="1.0"?>
<opencv_storage>
<homografia_new0242 type_id="opencv-matrix">
  <rows>3</rows>
  <cols>3</cols>
  <dt>f</dt>
  <data>
    -7.12063849e-01 1.09038961e+00 4.00336952e+01 -5.26493967e-01
    -3.61332893e-01 5.58686035e+02 4.08797845e-04 1.42525649e-04
    9.72296298e-01</data></homografia_new0242>
</opencv_storage>
