<?xml version="1.0"?>
<opencv_storage>
<homografia_new0298 type_id="opencv-matrix">
  <rows>3</rows>
  <cols>3</cols>
  <dt>f</dt>
  <data>
    -9.32892382e-01 -4.63190526e-01 5.89280823e+02 -1.23027219e-02
    -8.51145625e-01 5.89846069e+02 -9.89988548e-05 5.20153204e-04
    9.88168955e-01</data></homografia_new0298>
</opencv_storage>
