<?xml version="1.0"?>
<opencv_storage>
<homografia_new0197 type_id="opencv-matrix">
  <rows>3</rows>
  <cols>3</cols>
  <dt>f</dt>
  <data>
    4.88726079e-01 1.06771111e+00 -3.27913757e+02 -4.94147092e-01
    5.86402416e-01 3.02521240e+02 -1.02709208e-04 -2.29435886e-04
    1.03976929e+00</data></homografia_new0197>
</opencv_storage>
