<?xml version="1.0"?>
<opencv_storage>
<homografia_new0287 type_id="opencv-matrix">
  <rows>3</rows>
  <cols>3</cols>
  <dt>f</dt>
  <data>
    -1.05053675e+00 -2.64628112e-01 5.75218567e+02 -7.88801014e-02
    -7.74556518e-01 5.74583313e+02 2.61103596e-05 5.39042114e-04
    9.64778483e-01</data></homografia_new0287>
</opencv_storage>
