<?xml version="1.0"?>
<opencv_storage>
<homografia_new0266 type_id="opencv-matrix">
  <rows>3</rows>
  <cols>3</cols>
  <dt>f</dt>
  <data>
    -9.00717735e-01 6.37684286e-01 1.69050659e+02 -4.76720929e-01
    -5.67494512e-01 6.21078003e+02 2.73581711e-04 5.30746183e-04
    9.24478710e-01</data></homografia_new0266>
</opencv_storage>
