<?xml version="1.0"?>
<opencv_storage>
<homografia_new0271 type_id="opencv-matrix">
  <rows>3</rows>
  <cols>3</cols>
  <dt>f</dt>
  <data>
    -1.04574716e+00 2.99338937e-01 3.54992554e+02 -2.88422734e-01
    -6.73671246e-01 6.06786194e+02 1.98580805e-04 5.53464575e-04
    9.38399434e-01</data></homografia_new0271>
</opencv_storage>
