<?xml version="1.0"?>
<opencv_storage>
<homografia_new0229 type_id="opencv-matrix">
  <rows>3</rows>
  <cols>3</cols>
  <dt>f</dt>
  <data>
    -4.46690500e-01 1.25943029e+00 -7.51026840e+01 -6.05561256e-01
    -1.71691090e-01 5.21106873e+02 2.51769496e-04 -5.11791877e-05
    1.00500035e+00</data></homografia_new0229>
</opencv_storage>
