<?xml version="1.0"?>
<opencv_storage>
<homografia_new0143 type_id="opencv-matrix">
  <rows>3</rows>
  <cols>3</cols>
  <dt>f</dt>
  <data>
    9.31772828e-01 4.77785528e-01 -2.18087448e+02 -2.13744149e-01
    9.62930024e-01 -5.61620789e+01 3.91501017e-05 1.28125655e-04
    9.88222897e-01</data></homografia_new0143>
</opencv_storage>
