<?xml version="1.0"?>
<opencv_storage>
<homografia_new0110 type_id="opencv-matrix">
  <rows>3</rows>
  <cols>3</cols>
  <dt>f</dt>
  <data>
    9.71713722e-01 2.66224295e-01 -4.70483932e+01 -1.40997559e-01
    9.75947201e-01 1.92971497e+01 8.94383356e-06 5.87175236e-06 1.</data></homografia_new0110>
</opencv_storage>
