<?xml version="1.0"?>
<opencv_storage>
<homografia_new0190 type_id="opencv-matrix">
  <rows>3</rows>
  <cols>3</cols>
  <dt>f</dt>
  <data>
    4.98411208e-01 1.15025735e+00 -3.03594696e+02 -5.15749693e-01
    5.83130956e-01 3.26557159e+02 -1.20592456e-04 1.93456144e-05
    1.03597081e+00</data></homografia_new0190>
</opencv_storage>
