<?xml version="1.0"?>
<opencv_storage>
<homografia_new0157 type_id="opencv-matrix">
  <rows>3</rows>
  <cols>3</cols>
  <dt>f</dt>
  <data>
    8.16288173e-01 7.84171581e-01 -3.35108826e+02 -3.35781842e-01
    8.60171020e-01 7.24029083e+01 -1.76174963e-05 1.85473808e-04
    9.87868726e-01</data></homografia_new0157>
</opencv_storage>
