<?xml version="1.0"?>
<opencv_storage>
<homografia_new0112 type_id="opencv-matrix">
  <rows>3</rows>
  <cols>3</cols>
  <dt>f</dt>
  <data>
    9.79694486e-01 2.85339117e-01 -5.54439392e+01 -1.50513351e-01
    9.60268319e-01 1.48750315e+01 6.47390261e-05 -3.82926701e-05 1.</data></homografia_new0112>
</opencv_storage>
