<?xml version="1.0"?>
<opencv_storage>
<homografia_new0159 type_id="opencv-matrix">
  <rows>3</rows>
  <cols>3</cols>
  <dt>f</dt>
  <data>
    8.17986727e-01 7.75610149e-01 -3.41728790e+02 -3.28160644e-01
    8.61012042e-01 8.98533936e+01 -3.09426869e-05 1.83385971e-04
    9.90608037e-01</data></homografia_new0159>
</opencv_storage>
