<?xml version="1.0"?>
<opencv_storage>
<homografia_new0111 type_id="opencv-matrix">
  <rows>3</rows>
  <cols>3</cols>
  <dt>f</dt>
  <data>
    9.32044566e-01 2.93949544e-01 -4.74898491e+01 -1.54353961e-01
    9.63608384e-01 1.82211246e+01 -7.10733948e-05 6.21576692e-05 1.</data></homografia_new0111>
</opencv_storage>
