<?xml version="1.0"?>
<opencv_storage>
<homografia_new0149 type_id="opencv-matrix">
  <rows>3</rows>
  <cols>3</cols>
  <dt>f</dt>
  <data>
    8.96511674e-01 5.76083601e-01 -2.43328568e+02 -2.58284658e-01
    9.37001765e-01 -3.08600636e+01 1.67720536e-05 1.38757052e-04
    9.89204645e-01</data></homografia_new0149>
</opencv_storage>
