<?xml version="1.0"?>
<opencv_storage>
<homografia_new0290 type_id="opencv-matrix">
  <rows>3</rows>
  <cols>3</cols>
  <dt>f</dt>
  <data>
    -1.02296853e+00 -3.97446573e-01 6.08196838e+02 -2.55450290e-02
    -7.83171237e-01 5.58591187e+02 -1.57356790e-05 5.13752399e-04
    9.77104306e-01</data></homografia_new0290>
</opencv_storage>
