<?xml version="1.0"?>
<opencv_storage>
<homografia_new0279 type_id="opencv-matrix">
  <rows>3</rows>
  <cols>3</cols>
  <dt>f</dt>
  <data>
    -1.08758473e+00 1.33331586e-02 4.71374207e+02 -1.71265364e-01
    -7.45281219e-01 6.01880127e+02 1.58229494e-04 6.00011845e-04
    9.44037318e-01</data></homografia_new0279>
</opencv_storage>
