<?xml version="1.0"?>
<opencv_storage>
<homografia_new0281 type_id="opencv-matrix">
  <rows>3</rows>
  <cols>3</cols>
  <dt>f</dt>
  <data>
    -1.08247948e+00 -5.12312502e-02 4.98527832e+02 -1.50180936e-01
    -7.53366470e-01 5.96847656e+02 1.25569306e-04 5.94994635e-04
    9.47728157e-01</data></homografia_new0281>
</opencv_storage>
