<?xml version="1.0"?>
<opencv_storage>
<homografia_new0184 type_id="opencv-matrix">
  <rows>3</rows>
  <cols>3</cols>
  <dt>f</dt>
  <data>
    6.35509968e-01 1.04116166e+00 -3.17320343e+02 -4.47815567e-01
    6.99118853e-01 2.91786255e+02 -9.92378627e-05 7.84722215e-05
    1.03085303e+00</data></homografia_new0184>
</opencv_storage>
