<?xml version="1.0"?>
<opencv_storage>
<homografia_new0181 type_id="opencv-matrix">
  <rows>3</rows>
  <cols>3</cols>
  <dt>f</dt>
  <data>
    6.87434137e-01 9.76509750e-01 -3.22515930e+02 -4.13631260e-01
    7.53672302e-01 2.70577179e+02 -9.92642090e-05 1.27194508e-04
    1.02693403e+00</data></homografia_new0181>
</opencv_storage>
