<?xml version="1.0"?>
<opencv_storage>
<homografia_new0303 type_id="opencv-matrix">
  <rows>3</rows>
  <cols>3</cols>
  <dt>f</dt>
  <data>
    -8.46038520e-01 -8.52577984e-01 7.40153748e+02 1.84294790e-01
    -7.22088635e-01 4.84156860e+02 -1.65200996e-04 5.11645980e-04
    1.03258359e+00</data></homografia_new0303>
</opencv_storage>
