<?xml version="1.0"?>
<opencv_storage>
<homografia_new0301 type_id="opencv-matrix">
  <rows>3</rows>
  <cols>3</cols>
  <dt>f</dt>
  <data>
    -8.74853015e-01 -7.97516406e-01 7.22532837e+02 1.57077596e-01
    -7.42001832e-01 4.97537537e+02 -1.40499484e-04 4.88371414e-04
    1.02260590e+00</data></homografia_new0301>
</opencv_storage>
