<?xml version="1.0"?>
<opencv_storage>
<homografia_new0133 type_id="opencv-matrix">
  <rows>3</rows>
  <cols>3</cols>
  <dt>f</dt>
  <data>
    9.45688248e-01 4.17973787e-01 -1.33731552e+02 -1.94428131e-01
    9.68835890e-01 -4.83697968e+01 3.47320492e-05 5.98602055e-05
    9.92555916e-01</data></homografia_new0133>
</opencv_storage>
