<?xml version="1.0"?>
<opencv_storage>
<homografia_new0259 type_id="opencv-matrix">
  <rows>3</rows>
  <cols>3</cols>
  <dt>f</dt>
  <data>
    -9.65294540e-01 6.32088423e-01 2.05355301e+02 -4.05685544e-01
    -5.60068190e-01 5.95608582e+02 2.73439568e-04 4.76176618e-04
    9.43101645e-01</data></homografia_new0259>
</opencv_storage>
