<?xml version="1.0"?>
<opencv_storage>
<homografia_new0286 type_id="opencv-matrix">
  <rows>3</rows>
  <cols>3</cols>
  <dt>f</dt>
  <data>
    -1.05607986e+00 -2.25411296e-01 5.62675293e+02 -9.62842032e-02
    -7.70446301e-01 5.78819641e+02 3.54122567e-05 5.41378977e-04
    9.61369336e-01</data></homografia_new0286>
</opencv_storage>
