<?xml version="1.0"?>
<opencv_storage>
<homografia_new0173 type_id="opencv-matrix">
  <rows>3</rows>
  <cols>3</cols>
  <dt>f</dt>
  <data>
    7.24983275e-01 9.00980532e-01 -3.20351166e+02 -3.94496351e-01
    7.70396531e-01 2.05774628e+02 -1.32008950e-04 1.02204474e-04
    1.01220334e+00</data></homografia_new0173>
</opencv_storage>
