<?xml version="1.0"?>
<opencv_storage>
<homografia_new0218 type_id="opencv-matrix">
  <rows>3</rows>
  <cols>3</cols>
  <dt>f</dt>
  <data>
    1.52689805e-02 1.28259110e+00 -2.51605606e+02 -6.36770070e-01
    2.12064669e-01 4.33156647e+02 1.40062286e-04 -2.39110348e-04
    1.02439654e+00</data></homografia_new0218>
</opencv_storage>
