<?xml version="1.0"?>
<opencv_storage>
<homografia_new0293 type_id="opencv-matrix">
  <rows>3</rows>
  <cols>3</cols>
  <dt>f</dt>
  <data>
    -9.86656368e-01 -5.31633139e-01 6.39709106e+02 3.24381441e-02
    -7.81631947e-01 5.43577393e+02 -5.65556256e-05 5.00225171e-04
    9.88117337e-01</data></homografia_new0293>
</opencv_storage>
