<?xml version="1.0"?>
<opencv_storage>
<homografia_new0175 type_id="opencv-matrix">
  <rows>3</rows>
  <cols>3</cols>
  <dt>f</dt>
  <data>
    8.04927647e-01 6.80245042e-01 -3.20643036e+02 -2.83158511e-01
    8.77330899e-01 1.57151459e+02 -1.52556924e-04 7.09136511e-05
    1.01811862e+00</data></homografia_new0175>
</opencv_storage>
