<?xml version="1.0"?>
<opencv_storage>
<homografia_new0252 type_id="opencv-matrix">
  <rows>3</rows>
  <cols>3</cols>
  <dt>f</dt>
  <data>
    -7.08572507e-01 9.86537576e-01 2.13959694e+01 -5.88128567e-01
    -3.42474848e-01 5.77770081e+02 3.63250030e-04 3.59355035e-04
    9.39486742e-01</data></homografia_new0252>
</opencv_storage>
