<?xml version="1.0"?>
<opencv_storage>
<homografia_new0127 type_id="opencv-matrix">
  <rows>3</rows>
  <cols>3</cols>
  <dt>f</dt>
  <data>
    8.99751902e-01 6.36862278e-01 -1.47902466e+02 -3.09773266e-01
    9.15448725e-01 -1.90433705e+00 5.78776962e-05 7.63016724e-05
    9.93131995e-01</data></homografia_new0127>
</opencv_storage>
