<?xml version="1.0"?>
<opencv_storage>
<homografia_new0114 type_id="opencv-matrix">
  <rows>3</rows>
  <cols>3</cols>
  <dt>f</dt>
  <data>
    1.03948557e+00 3.60032052e-01 -8.24591827e+01 -1.68911979e-01
    9.98390496e-01 9.59787178e+00 1.32688307e-04 5.21785987e-05 1.</data></homografia_new0114>
</opencv_storage>
