<?xml version="1.0"?>
<opencv_storage>
<homografia_new0304 type_id="opencv-matrix">
  <rows>3</rows>
  <cols>3</cols>
  <dt>f</dt>
  <data>
    -8.28314483e-01 -8.71482611e-01 7.47459534e+02 2.00286835e-01
    -7.04036355e-01 4.76951508e+02 -1.79619296e-04 5.50175260e-04
    1.03820372e+00</data></homografia_new0304>
</opencv_storage>
