<?xml version="1.0"?>
<opencv_storage>
<homografia_new0141 type_id="opencv-matrix">
  <rows>3</rows>
  <cols>3</cols>
  <dt>f</dt>
  <data>
    9.41549659e-01 4.28570777e-01 -2.06417068e+02 -1.90726653e-01
    9.69761670e-01 -6.29944458e+01 4.44624093e-05 1.01320504e-04
    9.88391042e-01</data></homografia_new0141>
</opencv_storage>
