<?xml version="1.0"?>
<opencv_storage>
<homografia_new0144 type_id="opencv-matrix">
  <rows>3</rows>
  <cols>3</cols>
  <dt>f</dt>
  <data>
    8.44001830e-01 7.48381257e-01 -2.79670776e+02 -3.51392984e-01
    8.70973110e-01 2.11271715e+00 4.65280900e-05 1.58980140e-04
    9.83798683e-01</data></homografia_new0144>
</opencv_storage>
