<?xml version="1.0"?>
<opencv_storage>
<homografia_new0228 type_id="opencv-matrix">
  <rows>3</rows>
  <cols>3</cols>
  <dt>f</dt>
  <data>
    -2.36092657e-01 1.27853978e+00 -1.70811630e+02 -6.60509646e-01
    2.61321291e-02 4.81931030e+02 2.57474021e-04 -8.07798497e-05
    1.00111759e+00</data></homografia_new0228>
</opencv_storage>
