<?xml version="1.0"?>
<opencv_storage>
<homografia_new0189 type_id="opencv-matrix">
  <rows>3</rows>
  <cols>3</cols>
  <dt>f</dt>
  <data>
    6.44389629e-01 9.53136146e-01 -3.33134949e+02 -4.19312954e-01
    7.53986180e-01 2.56962189e+02 -1.05196683e-04 -2.00874183e-06
    1.03638363e+00</data></homografia_new0189>
</opencv_storage>
