<?xml version="1.0"?>
<opencv_storage>
<homografia_new0195 type_id="opencv-matrix">
  <rows>3</rows>
  <cols>3</cols>
  <dt>f</dt>
  <data>
    3.89218956e-01 1.20646894e+00 -2.93743164e+02 -5.49147546e-01
    4.70375776e-01 3.54377045e+02 -1.24248167e-04 -1.09184686e-04
    1.03917527e+00</data></homografia_new0195>
</opencv_storage>
