<?xml version="1.0"?>
<opencv_storage>
<homografia_new0132 type_id="opencv-matrix">
  <rows>3</rows>
  <cols>3</cols>
  <dt>f</dt>
  <data>
    8.72531533e-01 6.89319491e-01 -1.82173859e+02 -3.30868542e-01
    8.91207457e-01 -4.35489655e+00 4.78964939e-05 1.00297708e-04
    9.90384459e-01</data></homografia_new0132>
</opencv_storage>
