<?xml version="1.0"?>
<opencv_storage>
<homografia_new0230 type_id="opencv-matrix">
  <rows>3</rows>
  <cols>3</cols>
  <dt>f</dt>
  <data>
    -4.67569739e-01 1.24967325e+00 -6.55809326e+01 -6.02576613e-01
    -1.85264498e-01 5.24728516e+02 2.64096627e-04 -3.41513951e-05
    1.00288892e+00</data></homografia_new0230>
</opencv_storage>
