<?xml version="1.0"?>
<opencv_storage>
<homografia_new0227 type_id="opencv-matrix">
  <rows>3</rows>
  <cols>3</cols>
  <dt>f</dt>
  <data>
    -4.01959985e-01 1.28011346e+00 -9.39080276e+01 -6.07579648e-01
    -1.43543527e-01 5.15221313e+02 2.47357268e-04 -8.59874199e-05
    1.00880671e+00</data></homografia_new0227>
</opencv_storage>
