<?xml version="1.0"?>
<opencv_storage>
<homografia_new0213 type_id="opencv-matrix">
  <rows>3</rows>
  <cols>3</cols>
  <dt>f</dt>
  <data>
    1.30739599e-01 1.25157714e+00 -2.83892639e+02 -6.23240709e-01
    3.03035051e-01 4.02555634e+02 5.06254437e-05 -2.64541188e-04
    1.03460896e+00</data></homografia_new0213>
</opencv_storage>
