<?xml version="1.0"?>
<opencv_storage>
<homografia_new0310 type_id="opencv-matrix">
  <rows>3</rows>
  <cols>3</cols>
  <dt>f</dt>
  <data>
    -7.72487998e-01 -8.37869287e-01 6.89851257e+02 1.93392962e-01
    -7.69392908e-01 5.10229126e+02 -2.74963444e-04 5.64909424e-04
    1.06320834e+00</data></homografia_new0310>
</opencv_storage>
