<?xml version="1.0"?>
<opencv_storage>
<homografia_new0155 type_id="opencv-matrix">
  <rows>3</rows>
  <cols>3</cols>
  <dt>f</dt>
  <data>
    8.91532600e-01 5.55523515e-01 -2.83880219e+02 -2.28415057e-01
    9.47414875e-01 -3.69795322e+00 -4.12947429e-06 1.63791075e-04
    9.90945399e-01</data></homografia_new0155>
</opencv_storage>
