<?xml version="1.0"?>
<opencv_storage>
<homografia_new0245 type_id="opencv-matrix">
  <rows>3</rows>
  <cols>3</cols>
  <dt>f</dt>
  <data>
    -7.61927009e-01 1.02778196e+00 6.56632004e+01 -5.11105895e-01
    -3.94301325e-01 5.67188232e+02 3.96893331e-04 2.00795388e-04
    9.64524031e-01</data></homografia_new0245>
</opencv_storage>
