<?xml version="1.0"?>
<opencv_storage>
<homografia_new0280 type_id="opencv-matrix">
  <rows>3</rows>
  <cols>3</cols>
  <dt>f</dt>
  <data>
    -1.08609688e+00 -1.80930775e-02 4.85296967e+02 -1.62028953e-01
    -7.46931434e-01 5.99881287e+02 1.41038021e-04 6.05591282e-04
    9.45387483e-01</data></homografia_new0280>
</opencv_storage>
