<?xml version="1.0"?>
<opencv_storage>
<homografia_new0154 type_id="opencv-matrix">
  <rows>3</rows>
  <cols>3</cols>
  <dt>f</dt>
  <data>
    8.12011778e-01 8.02575886e-01 -3.22988037e+02 -3.55340302e-01
    8.48631442e-01 5.14693604e+01 1.66096415e-05 1.81193653e-04
    9.85607564e-01</data></homografia_new0154>
</opencv_storage>
