<?xml version="1.0"?>
<opencv_storage>
<homografia_new0250 type_id="opencv-matrix">
  <rows>3</rows>
  <cols>3</cols>
  <dt>f</dt>
  <data>
    -8.46802771e-01 9.20520842e-01 1.14479713e+02 -4.81239468e-01
    -4.46285188e-01 5.79937195e+02 3.71497590e-04 3.15314159e-04
    9.52919662e-01</data></homografia_new0250>
</opencv_storage>
