<?xml version="1.0"?>
<opencv_storage>
<homografia_new0188 type_id="opencv-matrix">
  <rows>3</rows>
  <cols>3</cols>
  <dt>f</dt>
  <data>
    5.46257555e-01 1.12462521e+00 -3.08369385e+02 -4.93652642e-01
    6.25765562e-01 3.16299591e+02 -9.64680075e-05 4.46302729e-05
    1.03469718e+00</data></homografia_new0188>
</opencv_storage>
