<?xml version="1.0"?>
<opencv_storage>
<homografia_new0303 type_id="opencv-matrix">
  <rows>3</rows>
  <cols>3</cols>
  <dt>f</dt>
  <data>
    -8.86905968e-01 -6.09359503e-01 6.46208984e+02 6.37696832e-02
    -8.36530268e-01 5.64617004e+02 -1.51489468e-04 5.36567881e-04
    1.01179624e+00</data></homografia_new0303>
</opencv_storage>
