<?xml version="1.0"?>
<opencv_storage>
<homografia_new0237 type_id="opencv-matrix">
  <rows>3</rows>
  <cols>3</cols>
  <dt>f</dt>
  <data>
    -6.04502618e-01 1.18388641e+00 -8.69846344e-01 -5.57279468e-01
    -2.95527786e-01 5.45533203e+02 3.95629526e-04 7.51929474e-06
    9.85648692e-01</data></homografia_new0237>
</opencv_storage>
