<?xml version="1.0"?>
<opencv_storage>
<homografia_new0246 type_id="opencv-matrix">
  <rows>3</rows>
  <cols>3</cols>
  <dt>f</dt>
  <data>
    -7.79403090e-01 1.00679040e+00 7.49847717e+01 -5.05295038e-01
    -4.04589921e-01 5.70543457e+02 3.98198346e-04 2.21224414e-04
    9.61636782e-01</data></homografia_new0246>
</opencv_storage>
