<?xml version="1.0"?>
<opencv_storage>
<homografia_new0297 type_id="opencv-matrix">
  <rows>3</rows>
  <cols>3</cols>
  <dt>f</dt>
  <data>
    -9.42160666e-01 -4.32069391e-01 5.76830994e+02 -2.98815165e-02
    -8.51072371e-01 5.94005371e+02 -9.06107307e-05 5.16203581e-04
    9.83938158e-01</data></homografia_new0297>
</opencv_storage>
