<?xml version="1.0"?>
<opencv_storage>
<homografia_new0308 type_id="opencv-matrix">
  <rows>3</rows>
  <cols>3</cols>
  <dt>f</dt>
  <data>
    -7.46401548e-01 -9.90181506e-01 7.62991333e+02 2.56291389e-01
    -6.43257320e-01 4.43159698e+02 -2.64092232e-04 5.72841323e-04
    1.06754351e+00</data></homografia_new0308>
</opencv_storage>
