<?xml version="1.0"?>
<opencv_storage>
<homografia_new0194 type_id="opencv-matrix">
  <rows>3</rows>
  <cols>3</cols>
  <dt>f</dt>
  <data>
    4.11858350e-01 1.20151114e+00 -2.97093842e+02 -5.44766366e-01
    4.93396968e-01 3.49774445e+02 -1.09362212e-04 -8.60208238e-05
    1.03905416e+00</data></homografia_new0194>
</opencv_storage>
