<?xml version="1.0"?>
<opencv_storage>
<homografia_new0295 type_id="opencv-matrix">
  <rows>3</rows>
  <cols>3</cols>
  <dt>f</dt>
  <data>
    -9.60376024e-01 -6.12146437e-01 6.61294556e+02 7.03261420e-02
    -7.70502925e-01 5.33466309e+02 -7.78783142e-05 5.04229218e-04
    9.95605469e-01</data></homografia_new0295>
</opencv_storage>
