<?xml version="1.0"?>
<opencv_storage>
<homografia_new0215 type_id="opencv-matrix">
  <rows>3</rows>
  <cols>3</cols>
  <dt>f</dt>
  <data>
    8.82623792e-02 1.26686788e+00 -2.73818756e+02 -6.29105449e-01
    2.66487211e-01 4.14793030e+02 8.11583086e-05 -2.55621213e-04
    1.03114831e+00</data></homografia_new0215>
</opencv_storage>
