<?xml version="1.0"?>
<opencv_storage>
<homografia_new0270 type_id="opencv-matrix">
  <rows>3</rows>
  <cols>3</cols>
  <dt>f</dt>
  <data>
    -9.24128294e-01 5.36291838e-01 2.17430252e+02 -4.44991291e-01
    -6.11228347e-01 6.30150635e+02 2.28620178e-04 5.57795051e-04
    9.22979474e-01</data></homografia_new0270>
</opencv_storage>
