<?xml version="1.0"?>
<opencv_storage>
<homografia_new0180 type_id="opencv-matrix">
  <rows>3</rows>
  <cols>3</cols>
  <dt>f</dt>
  <data>
    7.91320503e-01 7.30382919e-01 -3.34164490e+02 -2.98440516e-01
    8.86023164e-01 1.97119583e+02 -1.18095508e-04 1.10441433e-04
    1.02732480e+00</data></homografia_new0180>
</opencv_storage>
