<?xml version="1.0"?>
<opencv_storage>
<homografia_new0162 type_id="opencv-matrix">
  <rows>3</rows>
  <cols>3</cols>
  <dt>f</dt>
  <data>
    8.77308011e-01 5.37717998e-01 -3.14478851e+02 -2.04147220e-01
    9.41555321e-01 5.28973465e+01 -5.98708466e-05 1.29082036e-04
    9.99729455e-01</data></homografia_new0162>
</opencv_storage>
