<?xml version="1.0"?>
<opencv_storage>
<homografia_new0211 type_id="opencv-matrix">
  <rows>3</rows>
  <cols>3</cols>
  <dt>f</dt>
  <data>
    3.36281070e-03 1.31194425e+00 -2.27777374e+02 -6.27503932e-01
    1.53035283e-01 4.46736603e+02 6.65592233e-06 -2.41806585e-04
    1.03895164e+00</data></homografia_new0211>
</opencv_storage>
