<?xml version="1.0"?>
<opencv_storage>
<homografia_new0233 type_id="opencv-matrix">
  <rows>3</rows>
  <cols>3</cols>
  <dt>f</dt>
  <data>
    -3.35441053e-01 1.26720095e+00 -1.29496094e+02 -6.50365293e-01
    -5.91449402e-02 5.04584778e+02 3.40179598e-04 -5.04230993e-05
    9.89478707e-01</data></homografia_new0233>
</opencv_storage>
