<?xml version="1.0"?>
<opencv_storage>
<homografia_new0178 type_id="opencv-matrix">
  <rows>3</rows>
  <cols>3</cols>
  <dt>f</dt>
  <data>
    7.15417683e-01 9.19628084e-01 -3.23205719e+02 -3.95934522e-01
    7.66681254e-01 2.45752045e+02 -1.40633289e-04 1.11770452e-04
    1.02133250e+00</data></homografia_new0178>
</opencv_storage>
