<?xml version="1.0"?>
<opencv_storage>
<homografia_new0124 type_id="opencv-matrix">
  <rows>3</rows>
  <cols>3</cols>
  <dt>f</dt>
  <data>
    9.37797606e-01 5.71426272e-01 -1.37847321e+02 -2.70135641e-01
    9.48357165e-01 -3.43048692e+00 7.29021776e-05 8.49936478e-05
    9.93918836e-01</data></homografia_new0124>
</opencv_storage>
