<?xml version="1.0"?>
<opencv_storage>
<homografia_new0247 type_id="opencv-matrix">
  <rows>3</rows>
  <cols>3</cols>
  <dt>f</dt>
  <data>
    -7.94020891e-01 9.85834897e-01 8.40900116e+01 -5.00742257e-01
    -4.16444868e-01 5.73035583e+02 3.86725966e-04 2.38227352e-04
    9.59357977e-01</data></homografia_new0247>
</opencv_storage>
