<?xml version="1.0"?>
<opencv_storage>
<homografia_new0226 type_id="opencv-matrix">
  <rows>3</rows>
  <cols>3</cols>
  <dt>f</dt>
  <data>
    -3.75415415e-01 1.28683662e+00 -1.03213242e+02 -6.11601889e-01
    -1.27028599e-01 5.12461609e+02 2.29964950e-04 -9.89566470e-05
    1.01066256e+00</data></homografia_new0226>
</opencv_storage>
