<?xml version="1.0"?>
<opencv_storage>
<homografia_new0191 type_id="opencv-matrix">
  <rows>3</rows>
  <cols>3</cols>
  <dt>f</dt>
  <data>
    4.76328999e-01 1.16350675e+00 -3.01925385e+02 -5.26221395e-01
    5.66088855e-01 3.32090210e+02 -1.25641745e-04 1.45738932e-05
    1.03678548e+00</data></homografia_new0191>
</opencv_storage>
