<?xml version="1.0"?>
<opencv_storage>
<homografia_new0180 type_id="opencv-matrix">
  <rows>3</rows>
  <cols>3</cols>
  <dt>f</dt>
  <data>
    7.01009512e-01 9.53870237e-01 -3.23506744e+02 -4.06639546e-01
    7.67605841e-01 2.62668152e+02 -1.10126726e-04 1.38277348e-04
    1.02523911e+00</data></homografia_new0180>
</opencv_storage>
