<?xml version="1.0"?>
<opencv_storage>
<homografia_new0300 type_id="opencv-matrix">
  <rows>3</rows>
  <cols>3</cols>
  <dt>f</dt>
  <data>
    -8.89452755e-01 -7.67140031e-01 7.13021057e+02 1.43157333e-01
    -7.47160375e-01 5.03992676e+02 -1.32232730e-04 4.90926555e-04
    1.01777005e+00</data></homografia_new0300>
</opencv_storage>
