<?xml version="1.0"?>
<opencv_storage>
<homografia_new0250 type_id="opencv-matrix">
  <rows>3</rows>
  <cols>3</cols>
  <dt>f</dt>
  <data>
    -6.77059531e-01 1.03943992e+00 3.65194225e+00 -5.97307086e-01
    -3.12550068e-01 5.71399536e+02 3.93338705e-04 3.03433510e-04
    9.42760110e-01</data></homografia_new0250>
</opencv_storage>
