<?xml version="1.0"?>
<opencv_storage>
<homografia_new0120 type_id="opencv-matrix">
  <rows>3</rows>
  <cols>3</cols>
  <dt>f</dt>
  <data>
    1.00452435e+00 2.06598714e-01 -6.29755783e+01 -8.46834406e-02
    1.01266515e+00 -3.27476730e+01 4.51656488e-05 5.07982622e-05
    9.97116506e-01</data></homografia_new0120>
</opencv_storage>
