<?xml version="1.0"?>
<opencv_storage>
<homografia_new0244 type_id="opencv-matrix">
  <rows>3</rows>
  <cols>3</cols>
  <dt>f</dt>
  <data>
    -7.45653868e-01 1.04916692e+00 5.70255966e+01 -5.16220450e-01
    -3.87909651e-01 5.64300964e+02 4.02487669e-04 1.65247649e-04
    9.67155993e-01</data></homografia_new0244>
</opencv_storage>
