<?xml version="1.0"?>
<opencv_storage>
<homografia_new0159 type_id="opencv-matrix">
  <rows>3</rows>
  <cols>3</cols>
  <dt>f</dt>
  <data>
    8.88468802e-01 5.32799780e-01 -3.06514069e+02 -2.06055954e-01
    9.51852083e-01 2.54554367e+01 -4.21666446e-05 1.57692426e-04
    9.95258331e-01</data></homografia_new0159>
</opencv_storage>
