<?xml version="1.0"?>
<opencv_storage>
<homografia_new0148 type_id="opencv-matrix">
  <rows>3</rows>
  <cols>3</cols>
  <dt>f</dt>
  <data>
    8.11980188e-01 8.13086450e-01 -2.90924530e+02 -3.79378766e-01
    8.41441095e-01 2.12061672e+01 3.62870815e-05 1.61942517e-04
    9.84522521e-01</data></homografia_new0148>
</opencv_storage>
