<?xml version="1.0"?>
<opencv_storage>
<homografia_new0210 type_id="opencv-matrix">
  <rows>3</rows>
  <cols>3</cols>
  <dt>f</dt>
  <data>
    3.16753276e-02 1.30321753e+00 -2.33121826e+02 -6.27841473e-01
    1.70169368e-01 4.41908417e+02 -1.93742817e-05 -2.33280181e-04
    1.03981876e+00</data></homografia_new0210>
</opencv_storage>
