<?xml version="1.0"?>
<opencv_storage>
<homografia_new0234 type_id="opencv-matrix">
  <rows>3</rows>
  <cols>3</cols>
  <dt>f</dt>
  <data>
    -3.57092679e-01 1.26965451e+00 -1.21701172e+02 -6.45605683e-01
    -7.95792267e-02 5.09484924e+02 3.77740333e-04 -6.65201660e-05
    9.86585379e-01</data></homografia_new0234>
</opencv_storage>
