<?xml version="1.0"?>
<opencv_storage>
<homografia_new0198 type_id="opencv-matrix">
  <rows>3</rows>
  <cols>3</cols>
  <dt>f</dt>
  <data>
    3.32140654e-01 1.22804427e+00 -2.87809143e+02 -5.70225477e-01
    4.23793167e-01 3.71938629e+02 -1.16857984e-04 -1.37307128e-04
    1.03983569e+00</data></homografia_new0198>
</opencv_storage>
