<?xml version="1.0"?>
<opencv_storage>
<homografia_new0158 type_id="opencv-matrix">
  <rows>3</rows>
  <cols>3</cols>
  <dt>f</dt>
  <data>
    8.16726804e-01 7.77068496e-01 -3.38275665e+02 -3.31128746e-01
    8.61684263e-01 8.07063904e+01 -2.54263105e-05 1.83213066e-04
    9.89135087e-01</data></homografia_new0158>
</opencv_storage>
