<?xml version="1.0"?>
<opencv_storage>
<homografia_new0169 type_id="opencv-matrix">
  <rows>3</rows>
  <cols>3</cols>
  <dt>f</dt>
  <data>
    7.60405421e-01 8.75215471e-01 -3.28298370e+02 -3.71360809e-01
    8.06854367e-01 1.76779449e+02 -8.03843650e-05 1.46028775e-04
    1.00674272e+00</data></homografia_new0169>
</opencv_storage>
