<?xml version="1.0"?>
<opencv_storage>
<homografia_new0193 type_id="opencv-matrix">
  <rows>3</rows>
  <cols>3</cols>
  <dt>f</dt>
  <data>
    4.34526443e-01 1.19290876e+00 -2.99733948e+02 -5.39004385e-01
    5.16585231e-01 3.44537323e+02 -1.02371829e-04 -6.14375313e-05
    1.03873980e+00</data></homografia_new0193>
</opencv_storage>
