<?xml version="1.0"?>
<opencv_storage>
<homografia_new0125 type_id="opencv-matrix">
  <rows>3</rows>
  <cols>3</cols>
  <dt>f</dt>
  <data>
    9.26505446e-01 5.96348107e-01 -1.41544434e+02 -2.85344094e-01
    9.37535942e-01 -2.29047060e+00 7.25885766e-05 7.80386763e-05
    9.93634164e-01</data></homografia_new0125>
</opencv_storage>
