<?xml version="1.0"?>
<opencv_storage>
<homografia_new0289 type_id="opencv-matrix">
  <rows>3</rows>
  <cols>3</cols>
  <dt>f</dt>
  <data>
    -1.03358674e+00 -3.49625885e-01 5.97462463e+02 -4.70123179e-02
    -7.78582573e-01 5.64012512e+02 -8.18694571e-06 5.24471921e-04
    9.72934008e-01</data></homografia_new0289>
</opencv_storage>
