<?xml version="1.0"?>
<opencv_storage>
<homografia_new0245 type_id="opencv-matrix">
  <rows>3</rows>
  <cols>3</cols>
  <dt>f</dt>
  <data>
    -5.84502280e-01 1.12408733e+00 -4.00029907e+01 -6.14998996e-01
    -2.44712859e-01 5.51823425e+02 4.17497911e-04 1.86306526e-04
    9.55439270e-01</data></homografia_new0245>
</opencv_storage>
