<?xml version="1.0"?>
<opencv_storage>
<homografia_new0288 type_id="opencv-matrix">
  <rows>3</rows>
  <cols>3</cols>
  <dt>f</dt>
  <data>
    -1.04387355e+00 -3.04856420e-01 5.87236694e+02 -6.24205545e-02
    -7.73345649e-01 5.69540771e+02 1.18139278e-05 5.41590969e-04
    9.68674183e-01</data></homografia_new0288>
</opencv_storage>
