<?xml version="1.0"?>
<opencv_storage>
<homografia_new0220 type_id="opencv-matrix">
  <rows>3</rows>
  <cols>3</cols>
  <dt>f</dt>
  <data>
    -2.13846818e-01 1.32128322e+00 -1.57777557e+02 -6.22072935e-01
    -1.71391163e-02 4.90304352e+02 1.48775129e-04 -2.08030862e-04
    1.02328181e+00</data></homografia_new0220>
</opencv_storage>
