<?xml version="1.0"?>
<opencv_storage>
<homografia_new0232 type_id="opencv-matrix">
  <rows>3</rows>
  <cols>3</cols>
  <dt>f</dt>
  <data>
    -4.99099702e-01 1.22772264e+00 -4.68795547e+01 -5.87662756e-01
    -2.28851169e-01 5.29455322e+02 2.91378383e-04 -7.45270008e-05
    9.99419630e-01</data></homografia_new0232>
</opencv_storage>
