<?xml version="1.0"?>
<opencv_storage>
<homografia_new0139 type_id="opencv-matrix">
  <rows>3</rows>
  <cols>3</cols>
  <dt>f</dt>
  <data>
    8.80058408e-01 6.44421637e-01 -2.54206757e+02 -3.01025748e-01
    8.98223579e-01 -1.61091633e+01 4.91163119e-05 9.56945441e-05
    9.84597206e-01</data></homografia_new0139>
</opencv_storage>
