<?xml version="1.0"?>
<opencv_storage>
<homografia_new0237 type_id="opencv-matrix">
  <rows>3</rows>
  <cols>3</cols>
  <dt>f</dt>
  <data>
    -4.17914212e-01 1.23954380e+00 -9.80488434e+01 -6.38058007e-01
    -1.22909084e-01 5.20865723e+02 4.13854839e-04 -1.10421443e-05
    9.78079736e-01</data></homografia_new0237>
</opencv_storage>
