<?xml version="1.0"?>
<opencv_storage>
<homografia_new0257 type_id="opencv-matrix">
  <rows>3</rows>
  <cols>3</cols>
  <dt>f</dt>
  <data>
    -9.47883606e-01 6.99789166e-01 1.85186478e+02 -4.21977341e-01
    -5.39798915e-01 5.93725464e+02 3.07249895e-04 4.42172546e-04
    9.43980277e-01</data></homografia_new0257>
</opencv_storage>
