<?xml version="1.0"?>
<opencv_storage>
<homografia_new0126 type_id="opencv-matrix">
  <rows>3</rows>
  <cols>3</cols>
  <dt>f</dt>
  <data>
    9.10733223e-01 6.13151550e-01 -1.43624603e+02 -2.98102647e-01
    9.25145388e-01 -1.76037860e+00 6.57030396e-05 6.42862069e-05
    9.93468106e-01</data></homografia_new0126>
</opencv_storage>
