<?xml version="1.0"?>
<opencv_storage>
<homografia_new0150 type_id="opencv-matrix">
  <rows>3</rows>
  <cols>3</cols>
  <dt>f</dt>
  <data>
    8.07208955e-01 8.13350022e-01 -2.99883026e+02 -3.77398670e-01
    8.39020312e-01 3.02757244e+01 2.29969646e-05 1.64738027e-04
    9.84701693e-01</data></homografia_new0150>
</opencv_storage>
