<?xml version="1.0"?>
<opencv_storage>
<homografia_new0116 type_id="opencv-matrix">
  <rows>3</rows>
  <cols>3</cols>
  <dt>f</dt>
  <data>
    9.75414634e-01 4.02974069e-01 -9.31451492e+01 -1.95603907e-01
    9.69241321e-01 7.59313393e+00 6.31158618e-05 3.30088296e-05
    9.97550666e-01</data></homografia_new0116>
</opencv_storage>
