<?xml version="1.0"?>
<opencv_storage>
<homografia_new0214 type_id="opencv-matrix">
  <rows>3</rows>
  <cols>3</cols>
  <dt>f</dt>
  <data>
    -6.66288882e-02 1.32494092e+00 -2.11657684e+02 -6.25747025e-01
    9.14888754e-02 4.61988403e+02 5.89213960e-05 -2.47965363e-04
    1.03554201e+00</data></homografia_new0214>
</opencv_storage>
