<?xml version="1.0"?>
<opencv_storage>
<homografia_new0273 type_id="opencv-matrix">
  <rows>3</rows>
  <cols>3</cols>
  <dt>f</dt>
  <data>
    -9.57842171e-01 4.42928821e-01 2.59928192e+02 -4.11179394e-01
    -6.57218993e-01 6.36315247e+02 2.11060309e-04 5.74585225e-04
    9.23531592e-01</data></homografia_new0273>
</opencv_storage>
