<?xml version="1.0"?>
<opencv_storage>
<homografia_new0115 type_id="opencv-matrix">
  <rows>3</rows>
  <cols>3</cols>
  <dt>f</dt>
  <data>
    1.02133274e+00 1.22599423e-01 -3.61829453e+01 -4.78955582e-02
    1.01639855e+00 -1.72404079e+01 5.62708410e-05 3.28556016e-05
    9.98873174e-01</data></homografia_new0115>
</opencv_storage>
