<?xml version="1.0"?>
<opencv_storage>
<homografia_new0114 type_id="opencv-matrix">
  <rows>3</rows>
  <cols>3</cols>
  <dt>f</dt>
  <data>
    1.01411963e+00 1.05852902e-01 -2.94468384e+01 -4.21596579e-02
    1.01210487e+00 -1.36426401e+01 3.86609463e-05 1.81947817e-05
    9.99184012e-01</data></homografia_new0114>
</opencv_storage>
