<?xml version="1.0"?>
<opencv_storage>
<homografia_new0207 type_id="opencv-matrix">
  <rows>3</rows>
  <cols>3</cols>
  <dt>f</dt>
  <data>
    1.13586113e-01 1.29036689e+00 -2.49839890e+02 -6.22967124e-01
    2.54198462e-01 4.25738678e+02 -7.18039082e-05 -1.43444558e-04
    1.04090393e+00</data></homografia_new0207>
</opencv_storage>
