<?xml version="1.0"?>
<opencv_storage>
<homografia_new0161 type_id="opencv-matrix">
  <rows>3</rows>
  <cols>3</cols>
  <dt>f</dt>
  <data>
    8.82523954e-01 5.32025278e-01 -3.12897461e+02 -2.01453283e-01
    9.47394013e-01 4.31816139e+01 -4.32852030e-05 1.34415561e-04
    9.98247087e-01</data></homografia_new0161>
</opencv_storage>
