<?xml version="1.0"?>
<opencv_storage>
<homografia_new0172 type_id="opencv-matrix">
  <rows>3</rows>
  <cols>3</cols>
  <dt>f</dt>
  <data>
    8.09407890e-01 6.75433457e-01 -3.13960785e+02 -2.80042827e-01
    8.75542879e-01 1.34352371e+02 -1.44841717e-04 5.18589077e-05
    1.01350415e+00</data></homografia_new0172>
</opencv_storage>
