<?xml version="1.0"?>
<opencv_storage>
<homografia_new0306 type_id="opencv-matrix">
  <rows>3</rows>
  <cols>3</cols>
  <dt>f</dt>
  <data>
    -8.45897019e-01 -7.02093303e-01 6.70952576e+02 1.14572652e-01
    -8.05069685e-01 5.43899780e+02 -2.07481120e-04 5.86200389e-04
    1.03103471e+00</data></homografia_new0306>
</opencv_storage>
