<?xml version="1.0"?>
<opencv_storage>
<homografia_new0207 type_id="opencv-matrix">
  <rows>3</rows>
  <cols>3</cols>
  <dt>f</dt>
  <data>
    2.77871460e-01 1.18523669e+00 -3.05907196e+02 -5.94270945e-01
    4.33820546e-01 3.67329407e+02 -6.59729121e-05 -1.70907661e-04
    1.03951645e+00</data></homografia_new0207>
</opencv_storage>
