<?xml version="1.0"?>
<opencv_storage>
<homografia_new0258 type_id="opencv-matrix">
  <rows>3</rows>
  <cols>3</cols>
  <dt>f</dt>
  <data>
    -8.06237400e-01 8.25725257e-01 7.77871780e+01 -5.45491278e-01
    -4.53760415e-01 5.97354553e+02 3.14008241e-04 4.45644197e-04
    9.31629956e-01</data></homografia_new0258>
</opencv_storage>
