<?xml version="1.0"?>
<opencv_storage>
<homografia_new0192 type_id="opencv-matrix">
  <rows>3</rows>
  <cols>3</cols>
  <dt>f</dt>
  <data>
    4.53665465e-01 1.17538357e+00 -2.99927704e+02 -5.34848571e-01
    5.42146087e-01 3.37880737e+02 -1.29092456e-04 -1.30810295e-05
    1.03764713e+00</data></homografia_new0192>
</opencv_storage>
