<?xml version="1.0"?>
<opencv_storage>
<homografia_new0117 type_id="opencv-matrix">
  <rows>3</rows>
  <cols>3</cols>
  <dt>f</dt>
  <data>
    9.76730347e-01 4.23320353e-01 -1.00939903e+02 -2.01391682e-01
    9.71221745e-01 4.53355980e+00 6.28507696e-05 5.90470736e-05
    9.97015774e-01</data></homografia_new0117>
</opencv_storage>
