<?xml version="1.0"?>
<opencv_storage>
<homografia_new0143 type_id="opencv-matrix">
  <rows>3</rows>
  <cols>3</cols>
  <dt>f</dt>
  <data>
    8.54498386e-01 7.26044953e-01 -2.76878876e+02 -3.40032041e-01
    8.78983855e-01 -2.75123978e+00 5.09648817e-05 1.53093744e-04
    9.83612418e-01</data></homografia_new0143>
</opencv_storage>
