<?xml version="1.0"?>
<opencv_storage>
<homografia_new0234 type_id="opencv-matrix">
  <rows>3</rows>
  <cols>3</cols>
  <dt>f</dt>
  <data>
    -5.45119524e-01 1.22795057e+00 -2.76088562e+01 -5.74041188e-01
    -2.58523762e-01 5.37902588e+02 3.60398059e-04 -4.66928541e-05
    9.93558347e-01</data></homografia_new0234>
</opencv_storage>
