<?xml version="1.0"?>
<opencv_storage>
<cumhom0002 type_id="opencv-matrix">
  <rows>3</rows>
  <cols>3</cols>
  <dt>f</dt>
  <data>
    1.01240373e+00 1.61045939e-01 -6.58472519e+01 -1.48048773e-01
    1.00127780e+00 1.16655989e+01 1.32709029e-05 5.08569356e-05 1.</data></cumhom0002>
</opencv_storage>
