<?xml version="1.0"?>
<opencv_storage>
<cumhom0005 type_id="opencv-matrix">
  <rows>3</rows>
  <cols>3</cols>
  <dt>f</dt>
  <data>
    9.99755263e-01 7.27639198e-02 -6.49221344e+01 -8.61520916e-02
    9.74006295e-01 3.13333244e+01 1.22360088e-05 -2.83982008e-05
    1.00133216e+00</data></cumhom0005>
</opencv_storage>
