<?xml version="1.0"?>
<opencv_storage>
<cumhom0004 type_id="opencv-matrix">
  <rows>3</rows>
  <cols>3</cols>
  <dt>f</dt>
  <data>
    1.00561166e+00 2.18887970e-01 -9.94285507e+01 -2.11818978e-01
    9.92444932e-01 3.66084099e+01 2.31690137e-05 4.56651323e-05
    1.00045919e+00</data></cumhom0004>
</opencv_storage>
