<?xml version="1.0"?>
<opencv_storage>
<cumhom0006 type_id="opencv-matrix">
  <rows>3</rows>
  <cols>3</cols>
  <dt>f</dt>
  <data>
    9.87678945e-01 3.69633660e-02 -2.80321503e+01 -5.08392416e-02
    9.66040373e-01 3.60698624e+01 -4.30623095e-06 -3.59224432e-05
    1.00154722e+00</data></cumhom0006>
</opencv_storage>
