<?xml version="1.0"?>
<opencv_storage>
<cumhom0003 type_id="opencv-matrix">
  <rows>3</rows>
  <cols>3</cols>
  <dt>f</dt>
  <data>
    9.77344394e-01 2.92187750e-01 -1.09739365e+02 -2.87234008e-01
    9.67046440e-01 4.84118233e+01 -1.84121927e-06 4.60729134e-05
    1.00086713e+00</data></cumhom0003>
</opencv_storage>
