<?xml version="1.0"?>
<opencv_storage>
<homografia_opt0004 type_id="opencv-matrix">
<rows>3</rows>
<cols>3</cols>
<dt>f</dt>
<data>
8.416616e-01 -1.583996e+00 1.272207e+01 3.269382e-02
1.129696e+00 -8.121726e+00 1.316039e-03 -9.698786e-04 1.000000e+00 </data></homografia_opt0004>
</opencv_storage>