<?xml version="1.0"?>
<opencv_storage>
<homografia_opt0002 type_id="opencv-matrix">
<rows>3</rows>
<cols>3</cols>
<dt>f</dt>
<data>
3.379450e-01 8.864698e-01 -6.558886e+01 4.067800e-01
1.017838e+00 1.208529e+01 4.438309e-03 -1.699304e-02 1.000000e+00 </data></homografia_opt0002>
</opencv_storage>
