<?xml version="1.0"?>
<opencv_storage>
<homografia_opt0005 type_id="opencv-matrix">
<rows>3</rows>
<cols>3</cols>
<dt>f</dt>
<data>
9.843328e-01 -1.243613e-01 3.356156e+01 9.294838e-02
9.742250e-01 8.964177e-01 -2.955640e-04 8.482677e-07 1.000000e+00 </data></homografia_opt0005>
</opencv_storage>