<?xml version="1.0"?>
<opencv_storage>
<homografia_opt0006 type_id="opencv-matrix">
<rows>3</rows>
<cols>3</cols>
<dt>f</dt>
<data>
7.089787e-01 1.495153e-01 3.602751e+01 1.409974e-01
7.732561e-01 6.851296e+00 -2.313879e-02 8.639207e-03 1.000000e+00 </data></homografia_opt0006>
</opencv_storage>