<?xml version="1.0"?>
<opencv_storage>
<homografia_opt0006 type_id="opencv-matrix">
<rows>3</rows>
<cols>3</cols>
<dt>f</dt>
<data>
1.027285e+00 1.316325e-02 3.545062e+01 -1.959738e-02
1.018601e+00 7.978521e+00 -2.154177e-04 -2.154723e-05 1.000000e+00 </data></homografia_opt0006>
</opencv_storage>