<?xml version="1.0"?>
<opencv_storage>
<homografia_opt0005 type_id="opencv-matrix">
<rows>3</rows>
<cols>3</cols>
<dt>f</dt>
<data>
7.779139e-01 -1.432826e+00 3.377825e+01 4.445678e-02
1.199304e+00 2.236846e+00 -2.158922e-04 -4.047421e-02 1.000000e+00 </data></homografia_opt0005>
</opencv_storage>