<?xml version="1.0"?>
<opencv_storage>
<homografia_opt0003 type_id="opencv-matrix">
<rows>3</rows>
<cols>3</cols>
<dt>f</dt>
<data>
1.587725e+00 8.355436e-01 -4.790388e+01 -4.694999e-01
9.020423e-01 3.019258e+01 8.797870e-03 5.218489e-02 1.000000e+00 </data></homografia_opt0003>
</opencv_storage>