<?xml version="1.0"?>
<opencv_storage>
<homografia_opt0002 type_id="opencv-matrix">
<rows>3</rows>
<cols>3</cols>
<dt>f</dt>
<data>
9.793831e-01 1.463244e-01 -6.614049e+01 -1.568635e-01
1.046061e+00 1.132466e+01 1.760764e-04 7.642909e-05 1.000000e+00 </data></homografia_opt0002>
</opencv_storage>