<?xml version="1.0"?>
<opencv_storage>
<homografia_opt0004 type_id="opencv-matrix">
<rows>3</rows>
<cols>3</cols>
<dt>f</dt>
<data>
9.934250e-01 -8.503043e-02 1.225770e+01 8.038579e-02
9.733128e-01 -9.016811e+00 2.676532e-05 -1.004976e-04 1.000000e+00 </data></homografia_opt0004>
</opencv_storage>