<?xml version="1.0"?>
<opencv_storage>
<homografia_opt0003 type_id="opencv-matrix">
<rows>3</rows>
<cols>3</cols>
<dt>f</dt>
<data>
9.515127e-01 1.286385e-01 -4.846921e+01 -1.157333e-01
9.873591e-01 2.943256e+01 2.390656e-05 -1.680689e-04 1.000000e+00 </data></homografia_opt0003>
</opencv_storage>