<?xml version="1.0"?>
<opencv_storage>
<homografia_new0005 type_id="opencv-matrix">
  <rows>3</rows>
  <cols>3</cols>
  <dt>f</dt>
  <data>
    1.02827179e+00 9.45313126e-02 -6.88526382e+01 -7.71056637e-02
    1.02137351e+00 2.40778618e+01 5.47289092e-05 7.62456239e-06 1.</data></homografia_new0005>
</opencv_storage>
