<?xml version="1.0"?>
<opencv_storage>
<homografia_opt0011 type_id="opencv-matrix">
<rows>3</rows>
<cols>3</cols>
<dt>f</dt>
<data>
9.703318e-01 -2.278452e-01 1.301711e+02 1.924598e-01
9.751136e-01 -1.248674e+01 1.641118e-04 -1.436318e-04 1.000000e+00 </data></homografia_opt0011>
</opencv_storage>