<?xml version="1.0"?>
<opencv_storage>
<homografia_opt0015 type_id="opencv-matrix">
<rows>3</rows>
<cols>3</cols>
<dt>f</dt>
<data>
1.001051e+00 -1.959107e-01 1.030911e+02 1.229412e-01
1.000947e+00 -1.090835e+02 7.899138e-05 1.015824e-04 1.000000e+00 </data></homografia_opt0015>
</opencv_storage>