<?xml version="1.0"?>
<opencv_storage>
<homografia_opt0002 type_id="opencv-matrix">
<rows>3</rows>
<cols>3</cols>
<dt>f</dt>
<data>
1.055012e+00 -4.114994e-02 -1.282256e+02 -1.062854e-02
9.915153e-01 -8.192897e+01 2.909362e-04 -4.129529e-04 1.000000e+00 </data></homografia_opt0002>
</opencv_storage>