<?xml version="1.0"?>
<opencv_storage>
<homografia_opt0004 type_id="opencv-matrix">
<rows>3</rows>
<cols>3</cols>
<dt>f</dt>
<data>
9.945401e-01 1.288521e-01 -1.230040e+02 -1.869217e-01
9.757771e-01 3.277994e+01 -2.184043e-04 4.304230e-04 1.000000e+00 </data></homografia_opt0004>
</opencv_storage>