<?xml version="1.0"?>
<opencv_storage>
<homografia_opt0016 type_id="opencv-matrix">
<rows>3</rows>
<cols>3</cols>
<dt>f</dt>
<data>
1.039782e+00 4.900298e-02 -2.274684e+01 -1.796732e-04
1.056183e+00 -5.545799e+01 -5.840522e-04 -4.357931e-04 1.000000e+00 </data></homografia_opt0016>
</opencv_storage>