<?xml version="1.0"?>
<opencv_storage>
<homografia_opt0014 type_id="opencv-matrix">
<rows>3</rows>
<cols>3</cols>
<dt>f</dt>
<data>
9.798256e-01 -1.099837e-01 1.197129e+02 1.169471e-01
9.817440e-01 -2.423086e+01 -3.907148e-05 1.737149e-04 1.000000e+00 </data></homografia_opt0014>
</opencv_storage>