<?xml version="1.0"?>
<opencv_storage>
<homografia_opt0013 type_id="opencv-matrix">
<rows>3</rows>
<cols>3</cols>
<dt>f</dt>
<data>
1.085325e+00 -1.963404e-01 1.662017e+02 1.803565e-01
9.039024e-01 -2.769746e+01 1.561628e-04 1.185024e-04 1.000000e+00 </data></homografia_opt0013>
</opencv_storage>