<?xml version="1.0"?>
<opencv_storage>
<homografia_opt0003 type_id="opencv-matrix">
<rows>3</rows>
<cols>3</cols>
<dt>f</dt>
<data>
1.068353e+00 1.548105e-01 -2.043327e+02 -1.465621e-01
1.071700e+00 -4.510308e+00 -2.980363e-04 1.541418e-04 1.000000e+00 </data></homografia_opt0003>
</opencv_storage>