<?xml version="1.0"?>
<opencv_storage>
<homografia_opt0001 type_id="opencv-matrix">
<rows>3</rows>
<cols>3</cols>
<dt>f</dt>
<data>
9.878891e-01 -1.135528e-02 2.104653e+00 -1.191240e-02
1.028168e+00 1.450811e+00 -1.261886e-04 6.856251e-05 1.000000e+00 </data></homografia_opt0001>
</opencv_storage>