<?xml version="1.0"?>
<opencv_storage>
<homografia_opt0006 type_id="opencv-matrix">
<rows>3</rows>
<cols>3</cols>
<dt>f</dt>
<data>
1.086510e+00 2.498626e-01 -1.637410e+02 -2.080399e-02
1.080126e+00 -1.285512e+01 -4.586398e-04 6.188389e-04 1.000000e+00 </data></homografia_opt0006>
</opencv_storage>