<?xml version="1.0"?>
<opencv_storage>
<homografia_new0013 type_id="opencv-matrix">
  <rows>3</rows>
  <cols>3</cols>
  <dt>f</dt>
  <data>
    1.02240634e+00 1.08095683e-01 -2.05011322e+02 1.43967390e-01
    9.51152682e-01 2.33641876e+02 5.70928212e-04 -8.89640767e-04
    8.28308582e-01</data></homografia_new0013>
</opencv_storage>
