<?xml version="1.0"?>
<opencv_storage>
<homografia_opt0005 type_id="opencv-matrix">
<rows>3</rows>
<cols>3</cols>
<dt>f</dt>
<data>
8.226046e-01 6.281784e-02 -3.434120e+01 -2.023716e-01
9.152435e-01 1.154499e+02 4.503038e-04 -1.215461e-03 1.000000e+00 </data></homografia_opt0005>
</opencv_storage>