<?xml version="1.0"?>
<opencv_storage>
<homografia_opt0008 type_id="opencv-matrix">
<rows>3</rows>
<cols>3</cols>
<dt>f</dt>
<data>
9.685203e-01 2.513432e-02 -3.494172e+01 9.773412e-03
1.015818e+00 6.533431e+01 -4.132313e-05 -2.627901e-04 1.000000e+00 </data></homografia_opt0008>
</opencv_storage>