<?xml version="1.0"?>
<opencv_storage>
<homografia_opt0010 type_id="opencv-matrix">
<rows>3</rows>
<cols>3</cols>
<dt>f</dt>
<data>
9.859666e-01 -1.381230e-01 2.706682e+01 1.125471e-01
9.710156e-01 2.678956e+01 -1.540342e-04 -1.296530e-04 1.000000e+00 </data></homografia_opt0010>
</opencv_storage>