<?xml version="1.0"?>
<opencv_storage>
<cumhom0005 type_id="opencv-matrix">
  <rows>3</rows>
  <cols>3</cols>
  <dt>f</dt>
  <data>
    1.00832069e+00 4.77028592e-03 -1.83164520e+01 3.55310924e-03
    1.00582409e+00 -4.88974380e+01 3.95867119e-06 2.65834951e-05
    9.99421060e-01</data></cumhom0005>
</opencv_storage>
