<?xml version="1.0"?>
<opencv_storage>
<cumhom0014 type_id="opencv-matrix">
  <rows>3</rows>
  <cols>3</cols>
  <dt>f</dt>
  <data>
    1.03856313e+00 3.29539627e-01 -3.74018463e+02 -2.83343256e-01
    1.02499008e+00 -3.08850746e+01 9.67364613e-05 1.45933853e-04
    9.82164145e-01</data></cumhom0014>
</opencv_storage>
