<?xml version="1.0"?>
<opencv_storage>
<cumhom0012 type_id="opencv-matrix">
  <rows>3</rows>
  <cols>3</cols>
  <dt>f</dt>
  <data>
    1.04423094e+00 1.81760579e-01 -2.83369629e+02 -1.55981153e-01
    1.03171694e+00 -5.72612762e+01 7.16431823e-05 7.98950641e-05
    9.88330722e-01</data></cumhom0012>
</opencv_storage>
