<?xml version="1.0"?>
<opencv_storage>
<cumhom0030 type_id="opencv-matrix">
  <rows>3</rows>
  <cols>3</cols>
  <dt>f</dt>
  <data>
    8.19673955e-01 7.85238922e-01 -5.04138184e+02 -6.50068462e-01
    8.71434093e-01 5.09096649e+02 2.25140000e-04 5.43712886e-05
    9.68300700e-01</data></cumhom0030>
</opencv_storage>
