<?xml version="1.0"?>
<opencv_storage>
<cumhom0013 type_id="opencv-matrix">
  <rows>3</rows>
  <cols>3</cols>
  <dt>f</dt>
  <data>
    1.04611170e+00 2.57940918e-01 -3.34884033e+02 -2.19015479e-01
    1.03281689e+00 -4.44429626e+01 9.11571842e-05 1.13983682e-04
    9.85122621e-01</data></cumhom0013>
</opencv_storage>
