<?xml version="1.0"?>
<opencv_storage>
<cumhom0006 type_id="opencv-matrix">
  <rows>3</rows>
  <cols>3</cols>
  <dt>f</dt>
  <data>
    1.01241660e+00 3.76534672e-03 -3.99879990e+01 6.00910373e-03
    1.00897169e+00 -6.26767540e+01 1.06104453e-05 2.80160293e-05
    9.98974085e-01</data></cumhom0006>
</opencv_storage>
