<?xml version="1.0"?>
<opencv_storage>
<cumhom0025 type_id="opencv-matrix">
  <rows>3</rows>
  <cols>3</cols>
  <dt>f</dt>
  <data>
    5.95636189e-01 9.61397946e-01 -6.02929626e+02 -8.45533788e-01
    6.28587663e-01 3.93202087e+02 1.60346186e-04 5.91710232e-05
    9.67686713e-01</data></cumhom0025>
</opencv_storage>
