<?xml version="1.0"?>
<opencv_storage>
<cumhom0020 type_id="opencv-matrix">
  <rows>3</rows>
  <cols>3</cols>
  <dt>f</dt>
  <data>
    8.51635218e-01 7.07549512e-01 -5.65549438e+02 -6.28504217e-01
    8.47493172e-01 1.66547699e+02 8.72988530e-05 1.40191449e-04
    9.72987294e-01</data></cumhom0020>
</opencv_storage>
