<?xml version="1.0"?>
<opencv_storage>
<cumhom0003 type_id="opencv-matrix">
  <rows>3</rows>
  <cols>3</cols>
  <dt>f</dt>
  <data>
    1.00176847e+00 -1.56362739e-03 -4.16012669e+00 7.49313086e-03
    9.99943674e-01 -1.44640570e+01 -1.20629625e-06 1.17088048e-05
    9.99989331e-01</data></cumhom0003>
</opencv_storage>
