<?xml version="1.0"?>
<opencv_storage>
<cumhom0048 type_id="opencv-matrix">
  <rows>3</rows>
  <cols>3</cols>
  <dt>f</dt>
  <data>
    1.05061567e+00 2.29156211e-01 -4.54272461e+01 -2.84792911e-02
    9.98079240e-01 8.07912598e+01 3.01921518e-05 -6.31682997e-05
    1.07038569e+00</data></cumhom0048>
</opencv_storage>
