<?xml version="1.0"?>
<opencv_storage>
<cumhom0035 type_id="opencv-matrix">
  <rows>3</rows>
  <cols>3</cols>
  <dt>f</dt>
  <data>
    9.61570561e-01 5.56201458e-01 -3.43879822e+02 -3.73164296e-01
    9.54220712e-01 3.78525543e+02 1.88988663e-04 -7.05457569e-05
    1.01138628e+00</data></cumhom0035>
</opencv_storage>
