<?xml version="1.0"?>
<opencv_storage>
<cumhom0044 type_id="opencv-matrix">
  <rows>3</rows>
  <cols>3</cols>
  <dt>f</dt>
  <data>
    1.01838613e+00 3.13167542e-01 -4.63706665e+01 -1.34234175e-01
    9.86393452e-01 2.13042282e+02 4.78949660e-05 -9.07488284e-05
    1.05893123e+00</data></cumhom0044>
</opencv_storage>
