<?xml version="1.0"?>
<opencv_storage>
<cumhom0037 type_id="opencv-matrix">
  <rows>3</rows>
  <cols>3</cols>
  <dt>f</dt>
  <data>
    9.77029383e-01 5.08226216e-01 -2.49018951e+02 -3.28914672e-01
    9.70086575e-01 3.30900513e+02 1.43868281e-04 -6.60748410e-05
    1.03047574e+00</data></cumhom0037>
</opencv_storage>
