<?xml version="1.0"?>
<opencv_storage>
<cumhom0026 type_id="opencv-matrix">
  <rows>3</rows>
  <cols>3</cols>
  <dt>f</dt>
  <data>
    5.95852077e-01 9.64692473e-01 -5.82539856e+02 -8.45519185e-01
    6.35009468e-01 4.39688354e+02 1.80163188e-04 4.63761389e-05
    9.65621054e-01</data></cumhom0026>
</opencv_storage>
