<?xml version="1.0"?>
<opencv_storage>
<cumhom0043 type_id="opencv-matrix">
  <rows>3</rows>
  <cols>3</cols>
  <dt>f</dt>
  <data>
    1.01251507e+00 3.51422697e-01 -9.19715729e+01 -1.72593012e-01
    9.84614313e-01 2.27796021e+02 6.62698512e-05 -8.87995993e-05
    1.05519938e+00</data></cumhom0043>
</opencv_storage>
