<?xml version="1.0"?>
<opencv_storage>
<cumhom0004 type_id="opencv-matrix">
  <rows>3</rows>
  <cols>3</cols>
  <dt>f</dt>
  <data>
    1.00421536e+00 -1.22754392e-03 -9.02899361e+00 7.76442653e-03
    1.00229967e+00 -2.67262306e+01 4.08077312e-07 1.93749001e-05
    9.99852061e-01</data></cumhom0004>
</opencv_storage>
