<?xml version="1.0"?>
<opencv_storage>
<cumhom0018 type_id="opencv-matrix">
  <rows>3</rows>
  <cols>3</cols>
  <dt>f</dt>
  <data>
    9.27330315e-01 5.89267433e-01 -5.14251709e+02 -5.21990955e-01
    9.16717410e-01 9.31288605e+01 8.38089109e-05 1.40627279e-04
    9.74650502e-01</data></cumhom0018>
</opencv_storage>
