<?xml version="1.0"?>
<opencv_storage>
<homografia_new0031 type_id="opencv-matrix">
  <rows>3</rows>
  <cols>3</cols>
  <dt>f</dt>
  <data>
    8.72442424e-01 7.20487058e-01 -4.76334625e+02 -5.74300826e-01
    9.12518978e-01 4.85506470e+02 2.26674689e-04 2.70721011e-05
    9.76103723e-01</data></homografia_new0031>
</opencv_storage>
