<?xml version="1.0"?>
<opencv_storage>
<homografia_new0046 type_id="opencv-matrix">
  <rows>3</rows>
  <cols>3</cols>
  <dt>f</dt>
  <data>
    1.04412997e+00 2.46063069e-01 -3.78832169e+01 -5.48119955e-02
    9.96717215e-01 1.37179535e+02 3.50240007e-05 -6.97293217e-05
    1.06661510e+00</data></homografia_new0046>
</opencv_storage>
