<?xml version="1.0"?>
<opencv_storage>
<homografia_new0021 type_id="opencv-matrix">
  <rows>3</rows>
  <cols>3</cols>
  <dt>f</dt>
  <data>
    8.04522157e-01 7.59572148e-01 -5.99064880e+02 -6.74473286e-01
    8.05789828e-01 2.17425507e+02 9.38494777e-05 1.23225778e-04
    9.70843196e-01</data></homografia_new0021>
</opencv_storage>
