<?xml version="1.0"?>
<opencv_storage>
<homografia_new0042 type_id="opencv-matrix">
  <rows>3</rows>
  <cols>3</cols>
  <dt>f</dt>
  <data>
    1.01070368e+00 3.88651758e-01 -1.33459320e+02 -2.05062062e-01
    9.86623287e-01 2.40854767e+02 9.29822199e-05 -8.27665208e-05
    1.05086637e+00</data></homografia_new0042>
</opencv_storage>
