<?xml version="1.0"?>
<opencv_storage>
<homografia_new0022 type_id="opencv-matrix">
  <rows>3</rows>
  <cols>3</cols>
  <dt>f</dt>
  <data>
    7.61048079e-01 8.05262148e-01 -6.33800781e+02 -7.28648126e-01
    7.70686507e-01 2.57191681e+02 1.01843143e-04 1.36537070e-04
    9.67046618e-01</data></homografia_new0022>
</opencv_storage>
