<?xml version="1.0"?>
<opencv_storage>
<homografia_new0007 type_id="opencv-matrix">
  <rows>3</rows>
  <cols>3</cols>
  <dt>f</dt>
  <data>
    1.02051580e+00 2.53847172e-03 -6.79234314e+01 9.00423340e-03
    1.01641750e+00 -7.79612503e+01 2.31205922e-05 3.45210865e-05
    9.98262107e-01</data></homografia_new0007>
</opencv_storage>
