<?xml version="1.0"?>
<opencv_storage>
<homografia_new0028 type_id="opencv-matrix">
  <rows>3</rows>
  <cols>3</cols>
  <dt>f</dt>
  <data>
    6.86863124e-01 9.02003169e-01 -5.38782043e+02 -7.76901543e-01
    7.32066095e-01 5.12774780e+02 2.04101772e-04 2.47779335e-05
    9.62238491e-01</data></homografia_new0028>
</opencv_storage>
