<?xml version="1.0"?>
<opencv_storage>
<homografia_new0027 type_id="opencv-matrix">
  <rows>3</rows>
  <cols>3</cols>
  <dt>f</dt>
  <data>
    6.29290581e-01 9.43335772e-01 -5.57225891e+02 -8.23839903e-01
    6.72990859e-01 4.66513977e+02 1.92138439e-04 4.44890320e-05
    9.65593934e-01</data></homografia_new0027>
</opencv_storage>
