<?xml version="1.0"?>
<opencv_storage>
<homografia_new0049 type_id="opencv-matrix">
  <rows>3</rows>
  <cols>3</cols>
  <dt>f</dt>
  <data>
    1.05579865e+00 2.31464460e-01 -6.97915497e+01 -2.79045571e-02
    1.00154901e+00 6.22921982e+01 3.69368863e-05 -5.86250644e-05
    1.07101631e+00</data></homografia_new0049>
</opencv_storage>
