<?xml version="1.0"?>
<opencv_storage>
<homografia_new0032 type_id="opencv-matrix">
  <rows>3</rows>
  <cols>3</cols>
  <dt>f</dt>
  <data>
    9.16441858e-01 6.61328912e-01 -4.54399567e+02 -4.99317944e-01
    9.40789580e-01 4.45038788e+02 2.28697856e-04 -3.39407234e-06
    9.84808147e-01</data></homografia_new0032>
</opencv_storage>
