<?xml version="1.0"?>
<opencv_storage>
<homografia_new0033 type_id="opencv-matrix">
  <rows>3</rows>
  <cols>3</cols>
  <dt>f</dt>
  <data>
    9.33289230e-01 6.19827628e-01 -4.02730499e+02 -4.60588664e-01
    9.51755464e-01 4.12988312e+02 1.94433145e-04 -2.20935945e-05
    9.98206854e-01</data></homografia_new0033>
</opencv_storage>
