<?xml version="1.0"?>
<opencv_storage>
<homografia_new0002 type_id="opencv-matrix">
  <rows>3</rows>
  <cols>3</cols>
  <dt>f</dt>
  <data>
    1.00041747e+00 -1.36615231e-03 -5.17044306e+00 1.79900718e-03
    9.98981893e-01 -2.14365029e+00 1.55508985e-07 -1.01906539e-06 1.</data></homografia_new0002>
</opencv_storage>
