<?xml version="1.0"?>
<opencv_storage>
<homografia_new0045 type_id="opencv-matrix">
  <rows>3</rows>
  <cols>3</cols>
  <dt>f</dt>
  <data>
    1.03361297e+00 2.61327654e-01 -3.93942986e+01 -8.06570426e-02
    9.90733802e-01 1.77290771e+02 3.61885250e-05 -8.50973302e-05
    1.06283438e+00</data></homografia_new0045>
</opencv_storage>
