<?xml version="1.0"?>
<opencv_storage>
<homografia_new0034 type_id="opencv-matrix">
  <rows>3</rows>
  <cols>3</cols>
  <dt>f</dt>
  <data>
    9.47368741e-01 5.82797468e-01 -3.62385254e+02 -4.08681005e-01
    9.46642995e-01 3.94852936e+02 1.91911255e-04 -5.98393817e-05
    1.00639856e+00</data></homografia_new0034>
</opencv_storage>
