<?xml version="1.0"?>
<opencv_storage>
<homografia_new0023 type_id="opencv-matrix">
  <rows>3</rows>
  <cols>3</cols>
  <dt>f</dt>
  <data>
    7.02702940e-01 8.65472913e-01 -6.45177185e+02 -7.74332404e-01
    7.22207546e-01 2.93632935e+02 1.18215627e-04 1.21545090e-04
    9.66001153e-01</data></homografia_new0023>
</opencv_storage>
