<?xml version="1.0"?>
<opencv_storage>
<homografia_opt0007 type_id="opencv-matrix">
<rows>3</rows>
<cols>3</cols>
<dt>f</dt>
<data>
1.032740e+00 1.419135e-01 -4.898618e+01 -9.894622e-02
9.936819e-01 8.641491e+01 4.743521e-04 7.503040e-04 1.000000e+00 </data></homografia_opt0007>
</opencv_storage>