<?xml version="1.0"?>
<opencv_storage>
<homografia_opt0008 type_id="opencv-matrix">
<rows>3</rows>
<cols>3</cols>
<dt>f</dt>
<data>
9.939056e-01 -3.356233e-02 -3.479273e+01 -1.433099e-02
9.930663e-01 6.919420e+01 2.650348e-05 -6.801370e-04 1.000000e+00 </data></homografia_opt0008>
</opencv_storage>