<?xml version="1.0"?>
<opencv_storage>
<cumhom0010 type_id="opencv-matrix">
  <rows>3</rows>
  <cols>3</cols>
  <dt>f</dt>
  <data>
    8.78826857e-01 5.52455544e-01 -5.46444946e+02 -4.66836870e-01
    9.92240727e-01 3.82606354e+02 6.18610065e-04 -6.44493732e-04
    6.28064573e-01</data></cumhom0010>
</opencv_storage>
