<?xml version="1.0"?>
<opencv_storage>
<homografia_opt0013 type_id="opencv-matrix">
<rows>3</rows>
<cols>3</cols>
<dt>f</dt>
<data>
1.083829e+00 -1.766593e-01 1.663637e+02 1.928336e-01
9.185581e-01 -2.778436e+01 2.464393e-04 -6.672798e-04 1.000000e+00 </data></homografia_opt0013>
</opencv_storage>