<?xml version="1.0"?>
<opencv_storage>
<homografia_opt0003 type_id="opencv-matrix">
<rows>3</rows>
<cols>3</cols>
<dt>f</dt>
<data>
1.090691e+00 1.559531e-01 -2.008519e+02 -1.443257e-01
1.113427e+00 1.543028e+01 -2.215268e-04 3.296778e-04 1.000000e+00 </data></homografia_opt0003>
</opencv_storage>