<?xml version="1.0"?>
<opencv_storage>
<homografia_opt0008 type_id="opencv-matrix">
<rows>3</rows>
<cols>3</cols>
<dt>f</dt>
<data>
9.836308e-01 -2.633685e-02 -3.484369e+01 1.387928e-02
1.024988e+00 6.990362e+01 -1.127249e-04 6.641774e-05 1.000000e+00 </data></homografia_opt0008>
</opencv_storage>