<?xml version="1.0"?>
<opencv_storage>
<homografia_opt0016 type_id="opencv-matrix">
<rows>3</rows>
<cols>3</cols>
<dt>f</dt>
<data>
1.013189e+00 1.873958e-02 -2.211679e+01 -1.412903e-02
1.012506e+00 -5.498271e+01 -2.423049e-04 -6.605783e-04 1.000000e+00 </data></homografia_opt0016>
</opencv_storage>