<?xml version="1.0"?>
<opencv_storage>
<homografia_opt0011 type_id="opencv-matrix">
<rows>3</rows>
<cols>3</cols>
<dt>f</dt>
<data>
9.827431e-01 -1.713098e-01 1.301938e+02 2.208240e-01
9.674243e-01 -9.164093e+00 -1.847796e-04 5.198093e-05 1.000000e+00 </data></homografia_opt0011>
</opencv_storage>