<?xml version="1.0"?>
<opencv_storage>
<homografia_opt0006 type_id="opencv-matrix">
<rows>3</rows>
<cols>3</cols>
<dt>f</dt>
<data>
1.112762e+00 1.971338e-01 -1.613483e+02 -9.229308e-02
1.104044e+00 -8.993772e+00 -3.543382e-04 -6.105990e-04 1.000000e+00 </data></homografia_opt0006>
</opencv_storage>