<?xml version="1.0"?>
<opencv_storage>
<homografia_opt0009 type_id="opencv-matrix">
<rows>3</rows>
<cols>3</cols>
<dt>f</dt>
<data>
1.008306e+00 -3.456436e-02 -2.605005e+01 6.042991e-02
1.023561e+00 3.656118e+01 5.880295e-04 -1.251072e-04 1.000000e+00 </data></homografia_opt0009>
</opencv_storage>