<?xml version="1.0"?>
<opencv_storage>
<homografia_opt0007 type_id="opencv-matrix">
<rows>3</rows>
<cols>3</cols>
<dt>f</dt>
<data>
9.996343e-01 8.984108e-02 -4.907986e+01 -1.169701e-01
9.880583e-01 8.525140e+01 -9.553268e-05 1.133254e-04 1.000000e+00 </data></homografia_opt0007>
</opencv_storage>