<?xml version="1.0"?>
<opencv_storage>
<homografia_opt0002 type_id="opencv-matrix">
<rows>3</rows>
<cols>3</cols>
<dt>f</dt>
<data>
1.027625e+00 -4.629482e-02 -1.310312e+02 -1.725230e-02
9.660275e-01 -8.482884e+01 1.294951e-04 -1.003710e-04 1.000000e+00 </data></homografia_opt0002>
</opencv_storage>