<?xml version="1.0"?>
<opencv_storage>
<homografia_opt0012 type_id="opencv-matrix">
<rows>3</rows>
<cols>3</cols>
<dt>f</dt>
<data>
9.762703e-01 -7.297564e-02 6.666117e+01 7.802116e-02
9.871796e-01 -4.639970e+00 -1.699279e-05 -2.529702e-05 1.000000e+00 </data></homografia_opt0012>
</opencv_storage>