<?xml version="1.0"?>
<opencv_storage>
<homografia_opt0009 type_id="opencv-matrix">
<rows>3</rows>
<cols>3</cols>
<dt>f</dt>
<data>
1.001549e+00 -7.355909e-02 -2.600808e+01 6.535505e-02
1.001794e+00 3.690145e+01 -1.997144e-05 -1.060389e-05 1.000000e+00 </data></homografia_opt0009>
</opencv_storage>