<?xml version="1.0"?>
<opencv_storage>
<homografia_opt0001 type_id="opencv-matrix">
<rows>3</rows>
<cols>3</cols>
<dt>f</dt>
<data>
9.956270e-01 -2.823877e-03 -3.329714e-03 -6.111069e-03
9.877865e-01 -2.936768e-03 6.019636e-06 2.909993e-04 1.000000e+00 </data></homografia_opt0001>
</opencv_storage>