<?xml version="1.0"?>
<opencv_storage>
<homografia_opt0014 type_id="opencv-matrix">
<rows>3</rows>
<cols>3</cols>
<dt>f</dt>
<data>
9.324199e-01 -6.931086e-02 1.191583e+02 9.618380e-02
9.847516e-01 -2.466297e+01 -4.538705e-04 -3.165773e-07 1.000000e+00 </data></homografia_opt0014>
</opencv_storage>