<?xml version="1.0"?>
<opencv_storage>
<homografia_opt0010 type_id="opencv-matrix">
<rows>3</rows>
<cols>3</cols>
<dt>f</dt>
<data>
9.567205e-01 -1.554082e-01 2.619375e+01 1.080218e-01
9.675772e-01 2.728015e+01 2.902325e-04 -9.314668e-04 1.000000e+00 </data></homografia_opt0010>
</opencv_storage>