<?xml version="1.0"?>
<opencv_storage>
<homografia_opt0004 type_id="opencv-matrix">
<rows>3</rows>
<cols>3</cols>
<dt>f</dt>
<data>
1.012417e+00 1.167550e-01 -1.214364e+02 -1.611856e-01
9.563094e-01 3.416962e+01 4.367721e-05 -6.811921e-05 1.000000e+00 </data></homografia_opt0004>
</opencv_storage>