<?xml version="1.0"?>
<opencv_storage>
<homografia_opt0001 type_id="opencv-matrix">
<rows>3</rows>
<cols>3</cols>
<dt>f</dt>
<data>
1.000000e+00 -3.592490e-08 3.769857e-08 3.895759e-08
1.000000e+00 3.763346e-08 3.762299e-08 3.762247e-08 1.000000e+00 </data></homografia_opt0001>
</opencv_storage>