<?xml version="1.0"?>
<opencv_storage>
<homografia_opt0005 type_id="opencv-matrix">
<rows>3</rows>
<cols>3</cols>
<dt>f</dt>
<data>
8.034550e-01 1.204917e-02 -4.135131e+01 -1.852393e-01
8.888677e-01 6.007649e+01 1.782731e-04 -6.699489e-04 1.000000e+00 </data></homografia_opt0005>
</opencv_storage>