<?xml version="1.0"?>
<opencv_storage>
<homografia_opt0012 type_id="opencv-matrix">
<rows>3</rows>
<cols>3</cols>
<dt>f</dt>
<data>
9.618484e-01 -6.270173e-02 6.601596e+01 9.075347e-02
9.879625e-01 -5.561525e+00 -1.018626e-03 -5.611149e-04 1.000000e+00 </data></homografia_opt0012>
</opencv_storage>