<?xml version="1.0"?>
<opencv_storage>
<homografia_opt0009 type_id="opencv-matrix">
<rows>3</rows>
<cols>3</cols>
<dt>f</dt>
<data>
9.869376e-01 -8.135614e-02 -2.620879e+01 7.953703e-02
9.928769e-01 3.585785e+01 1.416040e-04 2.351632e-03 1.000000e+00 </data></homografia_opt0009>
</opencv_storage>