<?xml version="1.0"?>
<opencv_storage>
<homografia_opt0002 type_id="opencv-matrix">
<rows>3</rows>
<cols>3</cols>
<dt>f</dt>
<data>
1.053111e+00 -3.920755e-02 -1.303212e+02 -1.530402e-02
9.697254e-01 -8.403380e+01 1.703012e-04 -2.861938e-04 1.000000e+00 </data></homografia_opt0002>
</opencv_storage>