<?xml version="1.0"?>
<opencv_storage>
<homografia_opt0015 type_id="opencv-matrix">
<rows>3</rows>
<cols>3</cols>
<dt>f</dt>
<data>
1.003471e+00 -1.426342e-01 1.032113e+02 1.653032e-01
1.023445e+00 -1.088189e+02 5.331458e-05 4.841239e-05 1.000000e+00 </data></homografia_opt0015>
</opencv_storage>