<?xml version="1.0"?>
<opencv_storage>
<homografia_opt0008 type_id="opencv-matrix">
<rows>3</rows>
<cols>3</cols>
<dt>f</dt>
<data>
9.778768e-01 -3.304812e-02 -3.502672e+01 2.979204e-03
1.019277e+00 6.886647e+01 1.345257e-04 9.710696e-05 1.000000e+00 </data></homografia_opt0008>
</opencv_storage>