<?xml version="1.0"?>
<opencv_storage>
<homografia_opt0004 type_id="opencv-matrix">
<rows>3</rows>
<cols>3</cols>
<dt>f</dt>
<data>
1.190687e+00 1.073034e-01 -1.220406e+02 -1.543133e-01
7.728626e-01 3.340908e+01 7.154411e-04 3.515474e-04 1.000000e+00 </data></homografia_opt0004>
</opencv_storage>