<?xml version="1.0"?>
<opencv_storage>
<homografia_opt0005 type_id="opencv-matrix">
<rows>3</rows>
<cols>3</cols>
<dt>f</dt>
<data>
8.425870e-01 8.340149e-02 -4.778292e+01 -1.361760e-01
9.351683e-01 7.387812e+01 4.115803e-04 -1.430792e-03 1.000000e+00 </data></homografia_opt0005>
</opencv_storage>