<?xml version="1.0"?>
<opencv_storage>
<homografia_opt0014 type_id="opencv-matrix">
<rows>3</rows>
<cols>3</cols>
<dt>f</dt>
<data>
9.476638e-01 -4.055014e-02 1.194241e+02 9.078400e-02
1.001967e+00 -2.414987e+01 -5.975378e-04 -5.525387e-04 1.000000e+00 </data></homografia_opt0014>
</opencv_storage>