<?xml version="1.0"?>
<opencv_storage>
<homografia_opt0012 type_id="opencv-matrix">
<rows>3</rows>
<cols>3</cols>
<dt>f</dt>
<data>
9.896228e-01 3.964026e-03 6.610185e+01 7.810252e-02
1.020132e+00 -5.278359e+00 -9.870138e-06 1.042588e-04 1.000000e+00 </data></homografia_opt0012>
</opencv_storage>