<?xml version="1.0"?>
<opencv_storage>
<homografia_opt0002 type_id="opencv-matrix">
<rows>3</rows>
<cols>3</cols>
<dt>f</dt>
<data>
1.031617e+00 -4.853310e-02 -1.304436e+02 -1.494483e-04
9.901063e-01 -8.471153e+01 9.505495e-06 -3.045672e-04 1.000000e+00 </data></homografia_opt0002>
</opencv_storage>