<?xml version="1.0"?>
<opencv_storage>
<homografia_opt0015 type_id="opencv-matrix">
<rows>3</rows>
<cols>3</cols>
<dt>f</dt>
<data>
9.577513e-01 -1.258556e-01 1.035453e+02 1.112954e-01
1.027310e+00 -1.083611e+02 1.627873e-04 3.809551e-04 1.000000e+00 </data></homografia_opt0015>
</opencv_storage>