<?xml version="1.0"?>
<opencv_storage>
<homografia_opt0011 type_id="opencv-matrix">
<rows>3</rows>
<cols>3</cols>
<dt>f</dt>
<data>
1.017500e+00 -1.141507e-01 1.302382e+02 2.276775e-01
9.892975e-01 -7.633899e+00 1.897445e-05 -1.833079e-04 1.000000e+00 </data></homografia_opt0011>
</opencv_storage>