<?xml version="1.0"?>
<opencv_storage>
<homografia_opt0010 type_id="opencv-matrix">
<rows>3</rows>
<cols>3</cols>
<dt>f</dt>
<data>
9.799644e-01 -2.048473e-01 2.613143e+01 1.114787e-01
9.362926e-01 2.793693e+01 -6.894860e-04 1.180594e-04 1.000000e+00 </data></homografia_opt0010>
</opencv_storage>