<?xml version="1.0"?>
<opencv_storage>
<homografia_opt0001 type_id="opencv-matrix">
<rows>3</rows>
<cols>3</cols>
<dt>f</dt>
<data>
9.792960e-01 1.714492e-02 -2.253761e-01 -1.573714e-02
9.869255e-01 -7.089661e-01 1.038667e-05 -5.550544e-05 1.000000e+00 </data></homografia_opt0001>
</opencv_storage>