<?xml version="1.0"?>
<opencv_storage>
<homografia_opt0016 type_id="opencv-matrix">
<rows>3</rows>
<cols>3</cols>
<dt>f</dt>
<data>
9.295583e-01 6.586316e-02 -2.137687e+01 2.141319e-02
1.041847e+00 -5.483807e+01 -9.550944e-04 2.107782e-04 1.000000e+00 </data></homografia_opt0016>
</opencv_storage>