<?xml version="1.0"?>
<opencv_storage>
<homografia_opt0006 type_id="opencv-matrix">
<rows>3</rows>
<cols>3</cols>
<dt>f</dt>
<data>
1.097995e+00 2.527830e-01 -1.611081e+02 -1.354339e-02
1.061057e+00 -9.635947e+00 -6.471839e-04 9.519051e-04 1.000000e+00 </data></homografia_opt0006>
</opencv_storage>