<?xml version="1.0"?>
<opencv_storage>
<homografia_opt0008 type_id="opencv-matrix">
<rows>3</rows>
<cols>3</cols>
<dt>f</dt>
<data>
1.007202e+00 2.023568e-02 -3.481410e+01 -6.622451e-03
1.000034e+00 6.943329e+01 3.693259e-04 -1.552382e-04 1.000000e+00 </data></homografia_opt0008>
</opencv_storage>