<?xml version="1.0"?>
<opencv_storage>
<homografia_opt0004 type_id="opencv-matrix">
<rows>3</rows>
<cols>3</cols>
<dt>f</dt>
<data>
1.018790e+00 1.456723e-01 -1.215849e+02 -1.864611e-01
9.857063e-01 3.470265e+01 -3.269830e-04 6.643136e-04 1.000000e+00 </data></homografia_opt0004>
</opencv_storage>