<?xml version="1.0"?>
<opencv_storage>
<homografia_opt0003 type_id="opencv-matrix">
<rows>3</rows>
<cols>3</cols>
<dt>f</dt>
<data>
1.048977e+00 1.159968e-01 -2.005325e+02 -1.751282e-01
1.080706e+00 1.586124e+01 -2.280984e-04 -2.218311e-04 1.000000e+00 </data></homografia_opt0003>
</opencv_storage>