<?xml version="1.0"?>
<opencv_storage>
<homografia_opt0016 type_id="opencv-matrix">
<rows>3</rows>
<cols>3</cols>
<dt>f</dt>
<data>
1.008144e+00 -1.089980e-02 -2.119706e+01 1.134107e-02
1.006890e+00 -5.439387e+01 -1.228626e-03 -8.728278e-04 1.000000e+00 </data></homografia_opt0016>
</opencv_storage>