<?xml version="1.0"?>
<opencv_storage>
<homografia_opt0010 type_id="opencv-matrix">
<rows>3</rows>
<cols>3</cols>
<dt>f</dt>
<data>
9.656337e-01 -1.473504e-01 2.646436e+01 1.267679e-01
9.562810e-01 2.833809e+01 -4.497835e-04 -8.146305e-04 1.000000e+00 </data></homografia_opt0010>
</opencv_storage>