<?xml version="1.0"?>
<opencv_storage>
<homografia_opt0012 type_id="opencv-matrix">
<rows>3</rows>
<cols>3</cols>
<dt>f</dt>
<data>
9.705555e-01 -6.790966e-02 6.517222e+01 7.257016e-02
9.921845e-01 -6.393324e+00 -3.727681e-04 4.103362e-04 1.000000e+00 </data></homografia_opt0012>
</opencv_storage>