<?xml version="1.0"?>
<opencv_storage>
<homografia_opt0016 type_id="opencv-matrix">
<rows>3</rows>
<cols>3</cols>
<dt>f</dt>
<data>
1.004428e+00 -2.662766e-02 -2.316010e+01 1.539349e-02
1.006215e+00 -5.552208e+01 -4.106737e-04 3.725637e-04 1.000000e+00 </data></homografia_opt0016>
</opencv_storage>