<?xml version="1.0"?>
<opencv_storage>
<homografia_opt0014 type_id="opencv-matrix">
<rows>3</rows>
<cols>3</cols>
<dt>f</dt>
<data>
9.360433e-01 -7.513605e-02 1.181259e+02 9.891424e-02
9.825891e-01 -2.508670e+01 -4.515465e-04 5.900066e-04 1.000000e+00 </data></homografia_opt0014>
</opencv_storage>