<?xml version="1.0"?>
<opencv_storage>
<homografia_opt0002 type_id="opencv-matrix">
<rows>3</rows>
<cols>3</cols>
<dt>f</dt>
<data>
1.020324e+00 -1.638299e-04 -1.281407e+02 2.044819e-02
9.298485e-01 -8.896464e+01 -9.829687e-03 9.713794e-03 1.000000e+00 </data></homografia_opt0002>
</opencv_storage>