<?xml version="1.0"?>
<opencv_storage>
<homografia_opt0001 type_id="opencv-matrix">
<rows>3</rows>
<cols>3</cols>
<dt>f</dt>
<data>
9.797345e-01 -3.453550e-02 -6.925710e-01 6.833893e-03
1.016173e+00 5.461112e+00 -4.385544e-03 -3.685381e-04 1.000000e+00 </data></homografia_opt0001>
</opencv_storage>