<?xml version="1.0"?>
<opencv_storage>
<homografia_opt0004 type_id="opencv-matrix">
<rows>3</rows>
<cols>3</cols>
<dt>f</dt>
<data>
1.032499e+00 1.273205e-01 -1.228257e+02 -1.611837e-01
9.436827e-01 3.280210e+01 -6.919208e-05 -1.238822e-04 1.000000e+00 </data></homografia_opt0004>
</opencv_storage>