<?xml version="1.0"?>
<opencv_storage>
<homografia_opt0011 type_id="opencv-matrix">
<rows>3</rows>
<cols>3</cols>
<dt>f</dt>
<data>
9.933248e-01 -1.795211e-01 1.306149e+02 2.232936e-01
9.568522e-01 -8.143539e+00 1.188182e-04 -1.333190e-03 1.000000e+00 </data></homografia_opt0011>
</opencv_storage>