<?xml version="1.0"?>
<opencv_storage>
<homografia_opt0003 type_id="opencv-matrix">
<rows>3</rows>
<cols>3</cols>
<dt>f</dt>
<data>
1.107538e+00 1.746038e-01 -2.016476e+02 4.296706e-02
1.123895e+00 1.492170e+01 -3.776784e-04 8.086632e-04 1.000000e+00 </data></homografia_opt0003>
</opencv_storage>