<?xml version="1.0"?>
<opencv_storage>
<homografia_opt0004 type_id="opencv-matrix">
<rows>3</rows>
<cols>3</cols>
<dt>f</dt>
<data>
1.012317e+00 1.167699e-01 -1.214364e+02 -1.613079e-01
9.558983e-01 3.416962e+01 -4.437771e-04 1.726264e-03 1.000000e+00 </data></homografia_opt0004>
</opencv_storage>