<?xml version="1.0"?>
<opencv_storage>
<homografia_opt0006 type_id="opencv-matrix">
<rows>3</rows>
<cols>3</cols>
<dt>f</dt>
<data>
1.143070e+00 1.671053e-01 -1.607614e+02 -1.101331e-01
1.118666e+00 -1.483978e+01 1.933426e-04 -3.851130e-03 1.000000e+00 </data></homografia_opt0006>
</opencv_storage>