<?xml version="1.0"?>
<opencv_storage>
<homografia_opt0015 type_id="opencv-matrix">
<rows>3</rows>
<cols>3</cols>
<dt>f</dt>
<data>
1.012359e+00 -1.875621e-01 1.104418e+02 2.590004e-01
1.031384e+00 -1.041791e+02 2.442348e-03 1.054449e-03 1.000000e+00 </data></homografia_opt0015>
</opencv_storage>