<?xml version="1.0"?>
<opencv_storage>
<homografia_opt0015 type_id="opencv-matrix">
<rows>3</rows>
<cols>3</cols>
<dt>f</dt>
<data>
1.001300e+00 -1.462410e-01 1.022224e+02 1.619615e-01
1.015356e+00 -1.092050e+02 3.717404e-04 3.848658e-04 1.000000e+00 </data></homografia_opt0015>
</opencv_storage>