<?xml version="1.0"?>
<opencv_storage>
<homografia_opt0006 type_id="opencv-matrix">
<rows>3</rows>
<cols>3</cols>
<dt>f</dt>
<data>
1.140587e+00 1.991624e-01 -1.616921e+02 -8.103931e-02
1.134219e+00 -9.932944e+00 -6.779940e-05 -5.552069e-09 1.000000e+00 </data></homografia_opt0006>
</opencv_storage>