<?xml version="1.0"?>
<opencv_storage>
<homografia_opt0013 type_id="opencv-matrix">
<rows>3</rows>
<cols>3</cols>
<dt>f</dt>
<data>
1.068006e+00 -1.615461e-01 1.662245e+02 2.083290e-01
9.433157e-01 -2.761047e+01 7.335714e-05 2.745631e-04 1.000000e+00 </data></homografia_opt0013>
</opencv_storage>