<?xml version="1.0"?>
<opencv_storage>
<homografia_opt0007 type_id="opencv-matrix">
<rows>3</rows>
<cols>3</cols>
<dt>f</dt>
<data>
1.014648e+00 9.625818e-02 -4.880502e+01 -1.041580e-01
1.005335e+00 8.619855e+01 2.217499e-04 5.151118e-04 1.000000e+00 </data></homografia_opt0007>
</opencv_storage>