<?xml version="1.0"?>
<opencv_storage>
<homografia_opt0009 type_id="opencv-matrix">
<rows>3</rows>
<cols>3</cols>
<dt>f</dt>
<data>
9.958133e-01 -7.796875e-02 -2.661617e+01 5.967761e-02
9.972123e-01 3.506318e+01 -1.246561e-04 9.043895e-04 1.000000e+00 </data></homografia_opt0009>
</opencv_storage>