<?xml version="1.0"?>
<opencv_storage>
<homografia_opt0009 type_id="opencv-matrix">
<rows>3</rows>
<cols>3</cols>
<dt>f</dt>
<data>
1.001405e+00 -7.355825e-02 -2.600808e+01 6.504740e-02
1.001690e+00 3.690145e+01 1.153549e-04 -1.429377e-03 1.000000e+00 </data></homografia_opt0009>
</opencv_storage>