<?xml version="1.0"?>
<opencv_storage>
<homografia_opt0003 type_id="opencv-matrix">
<rows>3</rows>
<cols>3</cols>
<dt>f</dt>
<data>
1.113392e+00 1.650994e-01 -2.002053e+02 -1.431550e-01
1.129300e+00 1.606105e+01 -1.367804e-03 1.929373e-03 1.000000e+00 </data></homografia_opt0003>
</opencv_storage>