<?xml version="1.0"?>
<opencv_storage>
<homografia_opt0005 type_id="opencv-matrix">
<rows>3</rows>
<cols>3</cols>
<dt>f</dt>
<data>
7.624149e-01 3.803512e-03 -4.072977e+01 -1.729158e-01
8.549642e-01 6.096440e+01 -6.503414e-04 8.393962e-04 1.000000e+00 </data></homografia_opt0005>
</opencv_storage>