<?xml version="1.0"?>
<opencv_storage>
<homografia_opt0011 type_id="opencv-matrix">
<rows>3</rows>
<cols>3</cols>
<dt>f</dt>
<data>
9.877584e-01 -1.748344e-01 1.295437e+02 2.180300e-01
9.524391e-01 -9.976579e+00 -2.673005e-04 -2.571675e-04 1.000000e+00 </data></homografia_opt0011>
</opencv_storage>