<?xml version="1.0"?>
<opencv_storage>
<homografia_opt0006 type_id="opencv-matrix">
<rows>3</rows>
<cols>3</cols>
<dt>f</dt>
<data>
1.146340e+00 2.045803e-01 -1.611219e+02 -7.558535e-02
1.139769e+00 -8.195352e+00 1.122831e-03 -1.514549e-03 1.000000e+00 </data></homografia_opt0006>
</opencv_storage>