<?xml version="1.0"?>
<opencv_storage>
<homografia_opt0001 type_id="opencv-matrix">
<rows>3</rows>
<cols>3</cols>
<dt>f</dt>
<data>
9.999064e-01 -4.415198e-05 3.872128e-07 -2.501783e-05
9.995463e-01 4.668534e-07 -1.304032e-05 1.436280e-05 1.000000e+00 </data></homografia_opt0001>
</opencv_storage>