<?xml version="1.0"?>
<opencv_storage>
<homografia_opt0005 type_id="opencv-matrix">
<rows>3</rows>
<cols>3</cols>
<dt>f</dt>
<data>
7.605103e-01 1.424517e-02 -4.213045e+01 -8.538102e-02
7.833948e-01 5.913407e+01 2.071904e-04 -1.920841e-03 1.000000e+00 </data></homografia_opt0005>
</opencv_storage>