<?xml version="1.0"?>
<opencv_storage>
<homografia_opt0012 type_id="opencv-matrix">
<rows>3</rows>
<cols>3</cols>
<dt>f</dt>
<data>
9.579499e-01 -8.372864e-02 6.733789e+01 1.050351e-02
9.767720e-01 -1.478329e+01 -1.441747e-03 9.970446e-03 1.000000e+00 </data></homografia_opt0012>
</opencv_storage>