<?xml version="1.0"?>
<opencv_storage>
<homografia_opt0014 type_id="opencv-matrix">
<rows>3</rows>
<cols>3</cols>
<dt>f</dt>
<data>
9.505908e-01 -1.115442e-01 1.256762e+02 1.238858e-01
9.734999e-01 -2.176236e+01 -1.026324e-03 2.054096e-03 1.000000e+00 </data></homografia_opt0014>
</opencv_storage>