<?xml version="1.0"?>
<opencv_storage>
<homografia_opt0008 type_id="opencv-matrix">
<rows>3</rows>
<cols>3</cols>
<dt>f</dt>
<data>
9.835392e-01 -2.630375e-02 -3.484369e+01 1.366283e-02
1.024794e+00 6.990362e+01 -1.844487e-04 -7.023289e-04 1.000000e+00 </data></homografia_opt0008>
</opencv_storage>