<?xml version="1.0"?>
<opencv_storage>
<homografia_opt0014 type_id="opencv-matrix">
<rows>3</rows>
<cols>3</cols>
<dt>f</dt>
<data>
9.408190e-01 -8.054043e-02 1.200105e+02 1.034919e-01
9.775780e-01 -2.411021e+01 6.149467e-04 1.734102e-03 1.000000e+00 </data></homografia_opt0014>
</opencv_storage>