<?xml version="1.0"?>
<opencv_storage>
<homografia_opt0015 type_id="opencv-matrix">
<rows>3</rows>
<cols>3</cols>
<dt>f</dt>
<data>
1.006570e+00 -1.509732e-01 1.040524e+02 1.589408e-01
1.019188e+00 -1.083071e+02 1.252545e-03 1.283671e-03 1.000000e+00 </data></homografia_opt0015>
</opencv_storage>