<?xml version="1.0"?>
<opencv_storage>
<homografia_opt0007 type_id="opencv-matrix">
<rows>3</rows>
<cols>3</cols>
<dt>f</dt>
<data>
1.009190e+00 9.134617e-02 -4.954561e+01 -1.096651e-01
1.000194e+00 8.437109e+01 4.446991e-04 5.625304e-04 1.000000e+00 </data></homografia_opt0007>
</opencv_storage>