<?xml version="1.0"?>
<opencv_storage>
<homografia_opt0003 type_id="opencv-matrix">
<rows>3</rows>
<cols>3</cols>
<dt>f</dt>
<data>
1.140084e+00 1.836441e-01 -1.984247e+02 -1.468092e-01
1.072565e+00 1.342481e+01 2.423407e-03 -6.941959e-03 1.000000e+00 </data></homografia_opt0003>
</opencv_storage>