<?xml version="1.0"?>
<opencv_storage>
<homografia_opt0008 type_id="opencv-matrix">
<rows>3</rows>
<cols>3</cols>
<dt>f</dt>
<data>
1.037733e+00 -1.176499e-01 -3.529362e+01 1.581869e-02
1.005015e+00 5.678567e+01 -9.679829e-05 1.947824e-03 1.000000e+00 </data></homografia_opt0008>
</opencv_storage>