<?xml version="1.0"?>
<opencv_storage>
<homografia_opt0010 type_id="opencv-matrix">
<rows>3</rows>
<cols>3</cols>
<dt>f</dt>
<data>
9.622933e-01 -1.507438e-01 2.571559e+01 1.213489e-01
9.607141e-01 2.649945e+01 -1.772290e-04 -3.867175e-04 1.000000e+00 </data></homografia_opt0010>
</opencv_storage>