<?xml version="1.0"?>
<opencv_storage>
<homografia_opt0002 type_id="opencv-matrix">
<rows>3</rows>
<cols>3</cols>
<dt>f</dt>
<data>
1.063125e+00 -3.112736e-02 -1.319103e+02 2.323108e-02
9.173175e-01 -8.559112e+01 3.280201e-04 -7.793008e-05 1.000000e+00 </data></homografia_opt0002>
</opencv_storage>