<?xml version="1.0"?>
<opencv_storage>
<homografia_opt0006 type_id="opencv-matrix">
<rows>3</rows>
<cols>3</cols>
<dt>f</dt>
<data>
1.121144e+00 1.989434e-01 -1.611989e+02 -7.068798e-02
1.110443e+00 -7.936880e+00 -6.585495e-04 9.519051e-04 1.000000e+00 </data></homografia_opt0006>
</opencv_storage>