<?xml version="1.0"?>
<opencv_storage>
<homografia_opt0011 type_id="opencv-matrix">
<rows>3</rows>
<cols>3</cols>
<dt>f</dt>
<data>
8.935631e-01 -7.957890e-02 1.324527e+02 2.493169e-01
9.568468e-01 -1.731105e+01 1.993019e-03 -9.845134e-03 1.000000e+00 </data></homografia_opt0011>
</opencv_storage>