<?xml version="1.0"?>
<opencv_storage>
<homografia_opt0012 type_id="opencv-matrix">
<rows>3</rows>
<cols>3</cols>
<dt>f</dt>
<data>
9.759278e-01 -7.285440e-02 6.666117e+01 7.787734e-02
9.871773e-01 -4.639970e+00 5.693977e-04 8.646645e-04 1.000000e+00 </data></homografia_opt0012>
</opencv_storage>