<?xml version="1.0"?>
<opencv_storage>
<homografia_opt0013 type_id="opencv-matrix">
<rows>3</rows>
<cols>3</cols>
<dt>f</dt>
<data>
1.098156e+00 -1.886638e-01 1.669596e+02 1.994146e-01
9.160408e-01 -2.700887e+01 1.861802e-03 1.344646e-03 1.000000e+00 </data></homografia_opt0013>
</opencv_storage>