<?xml version="1.0"?>
<opencv_storage>
<homografia_opt0002 type_id="opencv-matrix">
<rows>3</rows>
<cols>3</cols>
<dt>f</dt>
<data>
1.053069e+00 -3.921999e-02 -1.303212e+02 -1.530682e-02
9.692884e-01 -8.403380e+01 1.919585e-04 -2.482000e-04 1.000000e+00 </data></homografia_opt0002>
</opencv_storage>