<?xml version="1.0"?>
<opencv_storage>
<homografia_opt0007 type_id="opencv-matrix">
<rows>3</rows>
<cols>3</cols>
<dt>f</dt>
<data>
9.937973e-01 1.511028e-02 -4.897561e+01 -7.851341e-02
9.870045e-01 7.654409e+01 2.533212e-04 -9.944525e-04 1.000000e+00 </data></homografia_opt0007>
</opencv_storage>