<?xml version="1.0"?>
<opencv_storage>
<homografia_opt0008 type_id="opencv-matrix">
<rows>3</rows>
<cols>3</cols>
<dt>f</dt>
<data>
9.779622e-01 -3.093798e-02 -3.541916e+01 8.147183e-03
1.020143e+00 6.806578e+01 3.339305e-04 3.972175e-04 1.000000e+00 </data></homografia_opt0008>
</opencv_storage>