<?xml version="1.0"?>
<opencv_storage>
<homografia_opt0005 type_id="opencv-matrix">
<rows>3</rows>
<cols>3</cols>
<dt>f</dt>
<data>
7.694578e-01 -6.014909e-03 -3.963788e+01 -1.764240e-01
8.587694e-01 4.999486e+01 -1.232504e-03 -4.821787e-04 1.000000e+00 </data></homografia_opt0005>
</opencv_storage>