<?xml version="1.0"?>
<opencv_storage>
<homografia_opt0004 type_id="opencv-matrix">
<rows>3</rows>
<cols>3</cols>
<dt>f</dt>
<data>
1.044812e+00 9.046575e-02 -1.200495e+02 -1.713935e-01
9.427794e-01 2.750211e+01 4.601135e-03 4.178665e-03 1.000000e+00 </data></homografia_opt0004>
</opencv_storage>