<?xml version="1.0"?>
<opencv_storage>
<homografia_opt0009 type_id="opencv-matrix">
<rows>3</rows>
<cols>3</cols>
<dt>f</dt>
<data>
1.016115e+00 -1.364850e-01 -2.643642e+01 5.693018e-02
9.983159e-01 2.406407e+01 2.537834e-04 6.395259e-04 1.000000e+00 </data></homografia_opt0009>
</opencv_storage>