<?xml version="1.0"?>
<opencv_storage>
<homografia_opt0001 type_id="opencv-matrix">
<rows>3</rows>
<cols>3</cols>
<dt>f</dt>
<data>
1.000271e+00 4.535495e-03 -8.787736e-02 8.616729e-02
9.963090e-01 -6.682881e-02 -1.453995e-04 3.582447e-04 1.000000e+00 </data></homografia_opt0001>
</opencv_storage>