<?xml version="1.0"?>
<opencv_storage>
<homografia_opt0010 type_id="opencv-matrix">
<rows>3</rows>
<cols>3</cols>
<dt>f</dt>
<data>
9.361851e-01 -9.366455e-02 2.617191e+01 1.428465e-01
9.459291e-01 1.627054e+01 -5.254935e-04 -2.248522e-03 1.000000e+00 </data></homografia_opt0010>
</opencv_storage>