<?xml version="1.0"?>
<opencv_storage>
<homografia_opt0016 type_id="opencv-matrix">
<rows>3</rows>
<cols>3</cols>
<dt>f</dt>
<data>
1.108180e+00 -1.108745e-01 -2.046160e+01 1.113600e-01
9.069031e-01 -5.429052e+01 7.018709e-03 1.398709e-03 1.000000e+00 </data></homografia_opt0016>
</opencv_storage>