<?xml version="1.0"?>
<opencv_storage>
<homografia_opt0013 type_id="opencv-matrix">
<rows>3</rows>
<cols>3</cols>
<dt>f</dt>
<data>
1.092450e+00 -1.832853e-01 1.655954e+02 1.940368e-01
9.721268e-01 -2.846538e+01 6.404696e-04 1.866061e-04 1.000000e+00 </data></homografia_opt0013>
</opencv_storage>