<?xml version="1.0"?>
<opencv_storage>
<homografia_opt0013 type_id="opencv-matrix">
<rows>3</rows>
<cols>3</cols>
<dt>f</dt>
<data>
1.114752e+00 -1.704741e-01 1.653507e+02 1.994117e-01
9.373168e-01 -3.806294e+01 -7.228052e-04 4.850882e-04 1.000000e+00 </data></homografia_opt0013>
</opencv_storage>