<?xml version="1.0"?>
<opencv_storage>
<homografia_opt0013 type_id="opencv-matrix">
<rows>3</rows>
<cols>3</cols>
<dt>f</dt>
<data>
1.081380e+00 -1.855293e-01 1.663431e+02 1.959446e-01
9.222470e-01 -2.751169e+01 1.687882e-04 2.891459e-04 1.000000e+00 </data></homografia_opt0013>
</opencv_storage>