<?xml version="1.0"?>
<opencv_storage>
<homografia_opt0008 type_id="opencv-matrix">
<rows>3</rows>
<cols>3</cols>
<dt>f</dt>
<data>
9.915598e-01 -7.227011e-03 -3.478141e+01 1.854415e-02
1.014989e+00 7.056439e+01 8.045244e-04 2.997679e-05 1.000000e+00 </data></homografia_opt0008>
</opencv_storage>