<?xml version="1.0"?>
<opencv_storage>
<homografia_opt0004 type_id="opencv-matrix">
<rows>3</rows>
<cols>3</cols>
<dt>f</dt>
<data>
9.934084e-01 1.055008e-01 -1.216866e+02 -1.719485e-01
9.809169e-01 3.389430e+01 -9.160944e-05 4.426731e-04 1.000000e+00 </data></homografia_opt0004>
</opencv_storage>