<?xml version="1.0"?>
<opencv_storage>
<homografia_opt0012 type_id="opencv-matrix">
<rows>3</rows>
<cols>3</cols>
<dt>f</dt>
<data>
9.850200e-01 -5.293196e-02 6.611327e+01 6.502767e-02
1.008903e+00 -4.082969e+00 2.259111e-04 7.595073e-04 1.000000e+00 </data></homografia_opt0012>
</opencv_storage>