<?xml version="1.0"?>
<opencv_storage>
<homografia_opt0014 type_id="opencv-matrix">
<rows>3</rows>
<cols>3</cols>
<dt>f</dt>
<data>
9.347609e-01 -8.643861e-02 1.192203e+02 1.302051e-01
9.581766e-01 -2.414983e+01 3.461505e-05 -6.856767e-05 1.000000e+00 </data></homografia_opt0014>
</opencv_storage>