<?xml version="1.0"?>
<opencv_storage>
<homografia_opt0011 type_id="opencv-matrix">
<rows>3</rows>
<cols>3</cols>
<dt>f</dt>
<data>
9.883479e-01 -1.532566e-01 1.302844e+02 2.208960e-01
9.596226e-01 -7.170067e+00 2.050836e-04 7.425595e-04 1.000000e+00 </data></homografia_opt0011>
</opencv_storage>