<?xml version="1.0"?>
<opencv_storage>
<homografia_opt0015 type_id="opencv-matrix">
<rows>3</rows>
<cols>3</cols>
<dt>f</dt>
<data>
1.000110e+00 -1.343904e-01 1.033688e+02 1.107905e-01
9.888191e-01 -1.083213e+02 -5.277604e-04 8.708285e-05 1.000000e+00 </data></homografia_opt0015>
</opencv_storage>