<?xml version="1.0"?>
<opencv_storage>
<homografia_opt0001 type_id="opencv-matrix">
<rows>3</rows>
<cols>3</cols>
<dt>f</dt>
<data>
9.853235e-01 4.659502e-02 -2.507249e-01 -1.873924e-02
9.879736e-01 -3.737293e-02 3.691185e-05 -1.541229e-04 1.000000e+00 </data></homografia_opt0001>
</opencv_storage>