<?xml version="1.0"?>
<opencv_storage>
<homografia_opt0003 type_id="opencv-matrix">
<rows>3</rows>
<cols>3</cols>
<dt>f</dt>
<data>
1.083797e+00 1.516755e-01 -2.006193e+02 -1.670779e-01
1.095236e+00 1.573879e+01 -3.774015e-05 -2.657218e-04 1.000000e+00 </data></homografia_opt0003>
</opencv_storage>