<?xml version="1.0"?>
<opencv_storage>
<homografia_opt0010 type_id="opencv-matrix">
<rows>3</rows>
<cols>3</cols>
<dt>f</dt>
<data>
9.534195e-01 -1.147335e-01 2.633247e+01 1.269117e-01
9.355200e-01 2.889269e+01 -9.094815e-04 -9.846075e-04 1.000000e+00 </data></homografia_opt0010>
</opencv_storage>