<?xml version="1.0"?>
<opencv_storage>
<homografia_opt0015 type_id="opencv-matrix">
<rows>3</rows>
<cols>3</cols>
<dt>f</dt>
<data>
9.851118e-01 -1.411554e-01 1.031941e+02 1.419597e-01
1.023281e+00 -1.085146e+02 6.770936e-04 1.664475e-04 1.000000e+00 </data></homografia_opt0015>
</opencv_storage>