<?xml version="1.0"?>
<opencv_storage>
<homografia_opt0009 type_id="opencv-matrix">
<rows>3</rows>
<cols>3</cols>
<dt>f</dt>
<data>
9.623564e-01 -8.150928e-02 -2.628339e+01 3.985562e-02
9.794933e-01 3.544939e+01 1.831947e-04 -1.250967e-05 1.000000e+00 </data></homografia_opt0009>
</opencv_storage>