<?xml version="1.0"?>
<opencv_storage>
<homografia_opt0007 type_id="opencv-matrix">
<rows>3</rows>
<cols>3</cols>
<dt>f</dt>
<data>
1.015317e+00 1.008764e-01 -4.918182e+01 -1.126996e-01
9.912603e-01 8.489982e+01 -8.614313e-05 -3.073643e-04 1.000000e+00 </data></homografia_opt0007>
</opencv_storage>