<?xml version="1.0"?>
<opencv_storage>
<homografia_opt0012 type_id="opencv-matrix">
<rows>3</rows>
<cols>3</cols>
<dt>f</dt>
<data>
9.680540e-01 -5.903531e-02 6.577637e+01 8.506211e-02
9.981256e-01 -5.903639e+00 -4.145821e-05 -1.732194e-04 1.000000e+00 </data></homografia_opt0012>
</opencv_storage>