<?xml version="1.0"?>
<opencv_storage>
<homografia_opt0002 type_id="opencv-matrix">
<rows>3</rows>
<cols>3</cols>
<dt>f</dt>
<data>
1.053111e+00 -3.920763e-02 -1.303212e+02 -1.530416e-02
9.697253e-01 -8.403380e+01 1.702624e-04 -2.862522e-04 1.000000e+00 </data></homografia_opt0002>
</opencv_storage>