<?xml version="1.0"?>
<opencv_storage>
<homografia_opt0015 type_id="opencv-matrix">
<rows>3</rows>
<cols>3</cols>
<dt>f</dt>
<data>
1.001547e+00 -1.376920e-01 1.028988e+02 1.655890e-01
1.025316e+00 -1.090090e+02 6.451956e-05 1.558481e-04 1.000000e+00 </data></homografia_opt0015>
</opencv_storage>