<?xml version="1.0"?>
<opencv_storage>
<homografia_opt0011 type_id="opencv-matrix">
<rows>3</rows>
<cols>3</cols>
<dt>f</dt>
<data>
9.935631e-01 -1.795789e-01 1.306149e+02 2.234819e-01
9.568546e-01 -8.143538e+00 -1.234077e-04 1.726431e-04 1.000000e+00 </data></homografia_opt0011>
</opencv_storage>