<?xml version="1.0"?>
<opencv_storage>
<homografia_opt0001 type_id="opencv-matrix">
<rows>3</rows>
<cols>3</cols>
<dt>f</dt>
<data>
1.000000e+00 3.785785e-08 1.701893e-08 5.960252e-08
9.999999e-01 1.628378e-08 3.202723e-08 2.597428e-09 1.000000e+00 </data></homografia_opt0001>
</opencv_storage>