<?xml version="1.0"?>
<opencv_storage>
<homografia_opt0006 type_id="opencv-matrix">
<rows>3</rows>
<cols>3</cols>
<dt>f</dt>
<data>
1.095074e+00 2.116796e-01 -1.614324e+02 -8.710935e-02
1.088689e+00 -9.289922e+00 -6.994746e-04 -5.561848e-09 1.000000e+00 </data></homografia_opt0006>
</opencv_storage>