<?xml version="1.0"?>
<opencv_storage>
<homografia_opt0013 type_id="opencv-matrix">
<rows>3</rows>
<cols>3</cols>
<dt>f</dt>
<data>
1.084142e+00 -1.711368e-01 1.661423e+02 1.881081e-01
9.313760e-01 -2.807240e+01 1.815924e-04 -6.629860e-05 1.000000e+00 </data></homografia_opt0013>
</opencv_storage>