<?xml version="1.0"?>
<opencv_storage>
<homografia_opt0004 type_id="opencv-matrix">
<rows>3</rows>
<cols>3</cols>
<dt>f</dt>
<data>
1.101205e+00 1.206213e-01 -1.222657e+02 -1.784547e-01
8.465452e-01 3.312647e+01 8.963900e-05 2.412871e-04 1.000000e+00 </data></homografia_opt0004>
</opencv_storage>