<?xml version="1.0"?>
<opencv_storage>
<homografia_opt0013 type_id="opencv-matrix">
<rows>3</rows>
<cols>3</cols>
<dt>f</dt>
<data>
1.098279e+00 -1.887346e-01 1.669596e+02 1.994469e-01
9.160704e-01 -2.700887e+01 3.589015e-04 -2.445295e-04 1.000000e+00 </data></homografia_opt0013>
</opencv_storage>