<?xml version="1.0"?>
<opencv_storage>
<homografia_opt0003 type_id="opencv-matrix">
<rows>3</rows>
<cols>3</cols>
<dt>f</dt>
<data>
1.058649e+00 1.559812e-01 -2.010924e+02 -1.619948e-01
1.074836e+00 1.519700e+01 -1.713750e-05 8.915878e-04 1.000000e+00 </data></homografia_opt0003>
</opencv_storage>