<?xml version="1.0"?>
<opencv_storage>
<homografia_opt0006 type_id="opencv-matrix">
<rows>3</rows>
<cols>3</cols>
<dt>f</dt>
<data>
1.146428e+00 2.045147e-01 -1.611219e+02 -7.549369e-02
1.140046e+00 -8.195352e+00 4.294848e-04 -6.608697e-06 1.000000e+00 </data></homografia_opt0006>
</opencv_storage>