<?xml version="1.0"?>
<opencv_storage>
<homografia_opt0001 type_id="opencv-matrix">
<rows>3</rows>
<cols>3</cols>
<dt>f</dt>
<data>
9.888452e-01 4.218181e-03 -5.276175e-03 1.604260e-02
9.754020e-01 -4.794297e-03 -1.966522e-04 7.120086e-05 1.000000e+00 </data></homografia_opt0001>
</opencv_storage>