<?xml version="1.0"?>
<opencv_storage>
<homografia_opt0005 type_id="opencv-matrix">
<rows>3</rows>
<cols>3</cols>
<dt>f</dt>
<data>
8.263177e-01 3.327725e-02 -4.158249e+01 -1.982320e-01
8.974693e-01 5.974689e+01 2.821422e-04 -1.272491e-03 1.000000e+00 </data></homografia_opt0005>
</opencv_storage>