<?xml version="1.0"?>
<opencv_storage>
<homografia_opt0012 type_id="opencv-matrix">
<rows>3</rows>
<cols>3</cols>
<dt>f</dt>
<data>
9.762703e-01 -7.297562e-02 6.666117e+01 7.802060e-02
9.871798e-01 -4.639970e+00 -5.773444e-05 -1.169912e-05 1.000000e+00 </data></homografia_opt0012>
</opencv_storage>