<?xml version="1.0"?>
<opencv_storage>
<homografia_opt0012 type_id="opencv-matrix">
<rows>3</rows>
<cols>3</cols>
<dt>f</dt>
<data>
9.856507e-01 -7.952352e-02 6.590677e+01 7.970920e-02
9.846143e-01 -4.141994e+00 1.763985e-04 -9.490005e-04 1.000000e+00 </data></homografia_opt0012>
</opencv_storage>