<?xml version="1.0"?>
<opencv_storage>
<homografia_opt0002 type_id="opencv-matrix">
<rows>3</rows>
<cols>3</cols>
<dt>f</dt>
<data>
9.864262e-01 -4.093572e-02 -1.312955e+02 -2.667391e-02
9.295892e-01 -8.512466e+01 4.108101e-04 -1.238738e-04 1.000000e+00 </data></homografia_opt0002>
</opencv_storage>