<?xml version="1.0"?>
<opencv_storage>
<homografia_opt0010 type_id="opencv-matrix">
<rows>3</rows>
<cols>3</cols>
<dt>f</dt>
<data>
9.657445e-01 -1.473589e-01 2.646436e+01 1.269345e-01
9.563184e-01 2.833809e+01 -1.391037e-04 -1.786206e-05 1.000000e+00 </data></homografia_opt0010>
</opencv_storage>