<?xml version="1.0"?>
<opencv_storage>
<homografia_opt0014 type_id="opencv-matrix">
<rows>3</rows>
<cols>3</cols>
<dt>f</dt>
<data>
9.293630e-01 -5.717989e-02 1.188416e+02 9.636239e-02
9.879605e-01 -2.486829e+01 -3.523609e-04 -7.971508e-05 1.000000e+00 </data></homografia_opt0014>
</opencv_storage>