<?xml version="1.0"?>
<opencv_storage>
<homografia_opt0016 type_id="opencv-matrix">
<rows>3</rows>
<cols>3</cols>
<dt>f</dt>
<data>
1.014003e+00 2.007448e-02 -2.245844e+01 -1.645218e-02
1.014807e+00 -5.520157e+01 -5.752615e-04 3.141340e-04 1.000000e+00 </data></homografia_opt0016>
</opencv_storage>