<?xml version="1.0"?>
<opencv_storage>
<homografia_opt0014 type_id="opencv-matrix">
<rows>3</rows>
<cols>3</cols>
<dt>f</dt>
<data>
9.409006e-01 -8.062061e-02 1.200105e+02 1.034120e-01
9.777951e-01 -2.411021e+01 -9.438837e-05 1.894055e-05 1.000000e+00 </data></homografia_opt0014>
</opencv_storage>