<?xml version="1.0"?>
<opencv_storage>
<homografia_opt0004 type_id="opencv-matrix">
<rows>3</rows>
<cols>3</cols>
<dt>f</dt>
<data>
1.003044e+00 1.367471e-01 -1.218476e+02 -1.725973e-01
9.708231e-01 3.390103e+01 -2.164634e-04 2.306008e-04 1.000000e+00 </data></homografia_opt0004>
</opencv_storage>