<?xml version="1.0"?>
<opencv_storage>
<homografia_opt0007 type_id="opencv-matrix">
<rows>3</rows>
<cols>3</cols>
<dt>f</dt>
<data>
1.014901e+00 9.628855e-02 -4.880502e+01 -1.039609e-01
1.005601e+00 8.619855e+01 1.068067e-04 2.549452e-05 1.000000e+00 </data></homografia_opt0007>
</opencv_storage>