<?xml version="1.0"?>
<opencv_storage>
<homografia_opt0011 type_id="opencv-matrix">
<rows>3</rows>
<cols>3</cols>
<dt>f</dt>
<data>
9.692745e-01 -1.658687e-01 1.300373e+02 2.045419e-01
9.687929e-01 -9.562107e+00 -3.669868e-05 1.054976e-04 1.000000e+00 </data></homografia_opt0011>
</opencv_storage>