<?xml version="1.0"?>
<opencv_storage>
<homografia_opt0008 type_id="opencv-matrix">
<rows>3</rows>
<cols>3</cols>
<dt>f</dt>
<data>
9.872307e-01 -2.690054e-02 -3.509467e+01 -8.413404e-03
1.015123e+00 6.846092e+01 8.634917e-05 1.038806e-03 1.000000e+00 </data></homografia_opt0008>
</opencv_storage>