<?xml version="1.0"?>
<opencv_storage>
<homografia_opt0010 type_id="opencv-matrix">
<rows>3</rows>
<cols>3</cols>
<dt>f</dt>
<data>
9.614934e-01 -1.567752e-01 2.609318e+01 1.218864e-01
9.770053e-01 2.686518e+01 1.792806e-04 -4.468816e-04 1.000000e+00 </data></homografia_opt0010>
</opencv_storage>