<?xml version="1.0"?>
<opencv_storage>
<homografia_opt0003 type_id="opencv-matrix">
<rows>3</rows>
<cols>3</cols>
<dt>f</dt>
<data>
1.064170e+00 1.412686e-01 -2.015464e+02 -1.927391e-01
1.082561e+00 7.141174e+00 -4.127840e-04 4.891967e-04 1.000000e+00 </data></homografia_opt0003>
</opencv_storage>