<?xml version="1.0"?>
<opencv_storage>
<homografia_opt0009 type_id="opencv-matrix">
<rows>3</rows>
<cols>3</cols>
<dt>f</dt>
<data>
9.981013e-01 -9.550629e-02 -2.461507e+01 3.526632e-02
9.759682e-01 3.634269e+01 -7.596245e-04 7.060391e-05 1.000000e+00 </data></homografia_opt0009>
</opencv_storage>