<?xml version="1.0"?>
<opencv_storage>
<homografia_opt0006 type_id="opencv-matrix">
<rows>3</rows>
<cols>3</cols>
<dt>f</dt>
<data>
1.098027e+00 2.141270e-01 -1.776742e+02 -7.078397e-02
1.091995e+00 3.284820e+01 -4.307040e-04 7.492885e-04 1.000000e+00 </data></homografia_opt0006>
</opencv_storage>