<?xml version="1.0"?>
<opencv_storage>
<homografia_opt0012 type_id="opencv-matrix">
<rows>3</rows>
<cols>3</cols>
<dt>f</dt>
<data>
1.012177e+00 -7.727459e-02 6.646220e+01 4.810283e-02
9.922984e-01 -7.248017e+00 3.568605e-05 -7.048155e-04 1.000000e+00 </data></homografia_opt0012>
</opencv_storage>