<?xml version="1.0"?>
<opencv_storage>
<homografia_opt0016 type_id="opencv-matrix">
<rows>3</rows>
<cols>3</cols>
<dt>f</dt>
<data>
1.057793e+00 -6.080813e-02 -2.211562e+01 -3.832014e-02
9.576857e-01 -5.531223e+01 -3.693177e-06 -3.886141e-04 1.000000e+00 </data></homografia_opt0016>
</opencv_storage>