<?xml version="1.0"?>
<opencv_storage>
<homografia_opt0015 type_id="opencv-matrix">
<rows>3</rows>
<cols>3</cols>
<dt>f</dt>
<data>
9.815065e-01 -2.001841e-01 1.033958e+02 1.382734e-01
9.697064e-01 -1.087176e+02 -7.056206e-05 2.452253e-04 1.000000e+00 </data></homografia_opt0015>
</opencv_storage>