<?xml version="1.0"?>
<opencv_storage>
<homografia_opt0014 type_id="opencv-matrix">
<rows>3</rows>
<cols>3</cols>
<dt>f</dt>
<data>
9.908953e-01 -1.149431e-01 1.207948e+02 5.536311e-02
9.830037e-01 -2.334883e+01 -5.104491e-04 1.163084e-04 1.000000e+00 </data></homografia_opt0014>
</opencv_storage>