<?xml version="1.0"?>
<opencv_storage>
<homografia_opt0004 type_id="opencv-matrix">
<rows>3</rows>
<cols>3</cols>
<dt>f</dt>
<data>
1.024130e+00 7.768104e-02 -1.203654e+02 -1.761467e-01
9.313930e-01 3.367290e+01 -3.751302e-04 1.584197e-04 1.000000e+00 </data></homografia_opt0004>
</opencv_storage>