<?xml version="1.0"?>
<opencv_storage>
<homografia_opt0007 type_id="opencv-matrix">
<rows>3</rows>
<cols>3</cols>
<dt>f</dt>
<data>
1.036568e+00 1.461401e-01 -5.246775e+01 -1.416477e-01
9.560381e-01 5.999250e+01 8.254731e-04 7.280636e-04 1.000000e+00 </data></homografia_opt0007>
</opencv_storage>