<?xml version="1.0"?>
<opencv_storage>
<homografia_opt0011 type_id="opencv-matrix">
<rows>3</rows>
<cols>3</cols>
<dt>f</dt>
<data>
9.827546e-01 -1.536317e-01 1.311208e+02 2.078469e-01
1.001515e+00 -6.988944e+00 3.552765e-05 4.632494e-04 1.000000e+00 </data></homografia_opt0011>
</opencv_storage>