<?xml version="1.0"?>
<opencv_storage>
<homografia_opt0010 type_id="opencv-matrix">
<rows>3</rows>
<cols>3</cols>
<dt>f</dt>
<data>
9.834799e-01 -1.599765e-01 2.691602e+01 1.275431e-01
9.749074e-01 2.918443e+01 -1.240539e-05 1.667028e-04 1.000000e+00 </data></homografia_opt0010>
</opencv_storage>