<?xml version="1.0"?>
<opencv_storage>
<homografia_opt0008 type_id="opencv-matrix">
<rows>3</rows>
<cols>3</cols>
<dt>f</dt>
<data>
9.974540e-01 -7.604400e-02 -3.451092e+01 2.774628e-02
1.025742e+00 6.987526e+01 2.880707e-04 9.325024e-05 1.000000e+00 </data></homografia_opt0008>
</opencv_storage>