<?xml version="1.0"?>
<opencv_storage>
<cumhom0006 type_id="opencv-matrix">
  <rows>3</rows>
  <cols>3</cols>
  <dt>f</dt>
  <data>
    1.02224994e+00 -1.35609070e-02 -6.10316772e+01 -1.44711277e-03
    9.91453350e-01 4.04102402e+01 2.33280407e-05 2.82709225e-05
    1.01057351e+00</data></cumhom0006>
</opencv_storage>
