<?xml version="1.0"?>
<opencv_storage>
<cumhom0005 type_id="opencv-matrix">
  <rows>3</rows>
  <cols>3</cols>
  <dt>f</dt>
  <data>
    9.97137904e-01 3.35586746e-03 3.74584198e+00 -4.14515194e-03
    9.87718403e-01 7.34725800e+01 -1.21484863e-05 4.58892391e-05
    1.01133418e+00</data></cumhom0005>
</opencv_storage>
