<?xml version="1.0"?>
<opencv_storage>
<cumhom0003 type_id="opencv-matrix">
  <rows>3</rows>
  <cols>3</cols>
  <dt>f</dt>
  <data>
    1.02509153e+00 5.69028500e-03 -1.58455765e+02 7.65968440e-03
    9.99112785e-01 9.98724899e+01 4.98756854e-05 4.14313145e-05
    1.00627649e+00</data></cumhom0003>
</opencv_storage>
