<?xml version="1.0"?>
<opencv_storage>
<homografia_new0004 type_id="opencv-matrix">
  <rows>3</rows>
  <cols>3</cols>
  <dt>f</dt>
  <data>
    1.01383567e+00 1.27882976e-02 -6.91213837e+01 -9.05255880e-03
    9.90514159e-01 9.29912949e+01 2.35633306e-05 3.55513985e-05
    1.01031208e+00</data></homografia_new0004>
</opencv_storage>
