<?xml version="1.0"?>
<opencv_storage>
<homografia_opt0004 type_id="opencv-matrix">
<rows>3</rows>
<cols>3</cols>
<dt>f</dt>
<data>
1.009620e+00 4.322771e-02 6.899577e+01 -3.106783e-02
9.896180e-01 -7.104298e+00 -4.806133e-05 5.933239e-05 1.000000e+00 </data></homografia_opt0004>
</opencv_storage>