<?xml version="1.0"?>
<opencv_storage>
<homografia_opt0005 type_id="opencv-matrix">
<rows>3</rows>
<cols>3</cols>
<dt>f</dt>
<data>
1.259907e+00 -5.992800e-01 7.191287e+01 -2.334849e-01
9.617466e-01 -1.898678e+01 3.070814e-03 2.953131e-02 1.000000e+00 </data></homografia_opt0005>
</opencv_storage>