<?xml version="1.0"?>
<opencv_storage>
<homografia_opt0006 type_id="opencv-matrix">
<rows>3</rows>
<cols>3</cols>
<dt>f</dt>
<data>
1.065626e+00 -4.533363e-02 -7.168634e+01 1.540011e-02
9.819160e-01 -3.489296e+01 -1.150118e-04 -9.310291e-06 1.000000e+00 </data></homografia_opt0006>
</opencv_storage>