<?xml version="1.0"?>
<opencv_storage>
<homografia0002 type_id="opencv-matrix">
  <rows>3</rows>
  <cols>3</cols>
  <dt>f</dt>
  <data>
    1.03296173e+00 1.81613751e-02 -1.47995819e+02 -3.62828909e-03
    1.01453054e+00 8.57806301e+00 4.94135274e-05 7.62128038e-05 1.</data></homografia0002>
</opencv_storage>
