<?xml version="1.0"?>
<opencv_storage>
<homografia_opt0004 type_id="opencv-matrix">
<rows>3</rows>
<cols>3</cols>
<dt>f</dt>
<data>
6.877099e-01 3.941205e-01 8.762978e+01 -4.253255e-01
2.910899e-01 -6.875927e+00 -4.593772e-03 -1.135722e-02 1.000000e+00 </data></homografia_opt0004>
</opencv_storage>