<?xml version="1.0"?>
<opencv_storage>
<homografia_opt0002 type_id="opencv-matrix">
<rows>3</rows>
<cols>3</cols>
<dt>f</dt>
<data>
8.863851e-01 1.272694e-01 -1.478040e+02 5.205771e-01
8.248933e-01 8.517394e+00 1.247090e-02 1.596487e-02 1.000000e+00 </data></homografia_opt0002>
</opencv_storage>