<?xml version="1.0"?>
<opencv_storage>
<homografia_opt0003 type_id="opencv-matrix">
<rows>3</rows>
<cols>3</cols>
<dt>f</dt>
<data>
9.449459e-01 2.531491e-02 -2.189663e+01 3.175143e-02
1.010195e+00 9.188979e+01 2.077607e-04 -1.342643e-04 1.000000e+00 </data></homografia_opt0003>
</opencv_storage>