<?xml version="1.0"?>
<opencv_storage>
<homografia_opt0002 type_id="opencv-matrix">
<rows>3</rows>
<cols>3</cols>
<dt>f</dt>
<data>
9.985517e-01 -2.574700e-02 -1.585964e+02 1.985209e-04
1.028502e+00 9.761462e+00 -1.964194e-04 -8.825353e-05 1.000000e+00 </data></homografia_opt0002>
</opencv_storage>