<?xml version="1.0"?>
<opencv_storage>
<homografia0005 type_id="opencv-matrix">
  <rows>3</rows>
  <cols>3</cols>
  <dt>f</dt>
  <data>
    9.81028974e-01 -8.53407569e-03 7.21130676e+01 8.08466319e-03
    9.96107280e-01 -1.90465851e+01 -3.51893432e-05 1.05683421e-05 1.</data></homografia0005>
</opencv_storage>
