<?xml version="1.0"?>
<opencv_storage>
<homografia_opt0005 type_id="opencv-matrix">
<rows>3</rows>
<cols>3</cols>
<dt>f</dt>
<data>
1.027353e+00 -4.402016e-02 6.444060e+01 2.868853e-02
9.996313e-01 -1.749718e+01 -4.954969e-06 1.160711e-04 1.000000e+00 </data></homografia_opt0005>
</opencv_storage>