<?xml version="1.0"?>
<opencv_storage>
<homografia_new0006 type_id="opencv-matrix">
  <rows>3</rows>
  <cols>3</cols>
  <dt>f</dt>
  <data>
    1.03119230e+00 -1.16671035e-02 -6.80305481e+01 -1.54807407e-03
    1.02215850e+00 3.57201004e+01 4.82745127e-05 -1.73586595e-05 1.</data></homografia_new0006>
</opencv_storage>
