<?xml version="1.0"?>
<opencv_storage>
<homografia_opt0006 type_id="opencv-matrix">
<rows>3</rows>
<cols>3</cols>
<dt>f</dt>
<data>
1.097889e+00 -9.226539e-01 -6.456512e+01 8.827410e-01
6.248958e-01 -3.342405e+01 -4.985205e-03 1.456614e-02 1.000000e+00 </data></homografia_opt0006>
</opencv_storage>