<?xml version="1.0"?>
<opencv_storage>
<homografia_opt0011 type_id="opencv-matrix">
<rows>3</rows>
<cols>3</cols>
<dt>f</dt>
<data>
1.007617e+00 -1.513084e-01 1.302135e+02 2.618701e-01
9.748112e-01 -9.127916e+00 3.855480e-04 2.159288e-04 1.000000e+00 </data></homografia_opt0011>
</opencv_storage>