<?xml version="1.0"?>
<opencv_storage>
<homografia_opt0001 type_id="opencv-matrix">
<rows>3</rows>
<cols>3</cols>
<dt>f</dt>
<data>
9.900099e-01 2.131313e-02 -3.698409e-01 7.696769e-03
9.981796e-01 2.366117e-01 -7.659047e-05 1.627486e-05 1.000000e+00 </data></homografia_opt0001>
</opencv_storage>