<?xml version="1.0"?>
<opencv_storage>
<homografia_opt0007 type_id="opencv-matrix">
<rows>3</rows>
<cols>3</cols>
<dt>f</dt>
<data>
1.100461e+00 1.956345e-01 -5.730973e+01 -7.482300e-02
1.003352e+00 1.198424e+02 -5.168847e-04 1.923892e-04 1.000000e+00 </data></homografia_opt0007>
</opencv_storage>