<?xml version="1.0"?>
<opencv_storage>
<homografia_opt0007 type_id="opencv-matrix">
<rows>3</rows>
<cols>3</cols>
<dt>f</dt>
<data>
9.900659e-01 6.941941e-02 -4.906655e+01 -1.365088e-01
1.017906e+00 8.529049e+01 3.549813e-04 3.819691e-04 1.000000e+00 </data></homografia_opt0007>
</opencv_storage>