<?xml version="1.0"?>
<opencv_storage>
<homografia_opt0006 type_id="opencv-matrix">
<rows>3</rows>
<cols>3</cols>
<dt>f</dt>
<data>
1.089138e+00 2.044640e-01 -1.740585e+02 -4.404968e-02
1.126797e+00 1.350729e+01 8.806106e-04 -6.529558e-04 1.000000e+00 </data></homografia_opt0006>
</opencv_storage>