<?xml version="1.0"?>
<opencv_storage>
<homografia_opt0012 type_id="opencv-matrix">
<rows>3</rows>
<cols>3</cols>
<dt>f</dt>
<data>
9.815696e-01 -4.522763e-02 6.604519e+01 3.532305e-08
1.023064e+00 -5.523419e+00 -3.719471e-04 3.735868e-04 1.000000e+00 </data></homografia_opt0012>
</opencv_storage>