<?xml version="1.0"?>
<opencv_storage>
<homografia_opt0011 type_id="opencv-matrix">
<rows>3</rows>
<cols>3</cols>
<dt>f</dt>
<data>
9.037007e-01 -7.957890e-02 1.261358e+02 3.029503e-01
9.983842e-01 1.680648e+01 3.005882e-05 -8.451337e-04 1.000000e+00 </data></homografia_opt0011>
</opencv_storage>