<?xml version="1.0"?>
<opencv_storage>
<homografia_opt0010 type_id="opencv-matrix">
<rows>3</rows>
<cols>3</cols>
<dt>f</dt>
<data>
8.685321e-01 -1.001257e-01 1.760015e+01 2.847658e-02
8.714401e-01 4.734207e+01 3.590483e-04 9.518029e-04 1.000000e+00 </data></homografia_opt0010>
</opencv_storage>