<?xml version="1.0"?>
<opencv_storage>
<homografia_opt0001 type_id="opencv-matrix">
<rows>3</rows>
<cols>3</cols>
<dt>f</dt>
<data>
9.000000e-01 3.207237e-03 -6.570860e+00 -8.543568e-02
1.013961e+00 -1.503863e+00 -1.000000e-03 9.489296e-04 1.000000e+00 </data></homografia_opt0001>
</opencv_storage>