<?xml version="1.0"?>
<opencv_storage>
<homografia_opt0001 type_id="opencv-matrix">
<rows>3</rows>
<cols>3</cols>
<dt>f</dt>
<data>
9.908680e-01 -2.322905e-02 -5.109177e-03 -8.283779e-03
9.879021e-01 -4.165757e-03 4.003940e-05 2.148425e-04 1.000000e+00 </data></homografia_opt0001>
</opencv_storage>