<?xml version="1.0"?>
<opencv_storage>
<homografia_opt0010 type_id="opencv-matrix">
<rows>3</rows>
<cols>3</cols>
<dt>f</dt>
<data>
9.498134e-01 -1.853007e-01 2.626704e+01 1.162333e-01
9.528040e-01 2.772805e+01 -4.945859e-04 1.978871e-04 1.000000e+00 </data></homografia_opt0010>
</opencv_storage>