<?xml version="1.0"?>
<opencv_storage>
<homografia_opt0002 type_id="opencv-matrix">
<rows>3</rows>
<cols>3</cols>
<dt>f</dt>
<data>
9.532869e-01 3.882283e-02 -1.539556e+02 -7.201716e-02
9.366265e-01 -7.761366e+01 1.170313e-03 7.137940e-04 1.000000e+00 </data></homografia_opt0002>
</opencv_storage>