<?xml version="1.0"?>
<opencv_storage>
<homografia_opt0003 type_id="opencv-matrix">
<rows>3</rows>
<cols>3</cols>
<dt>f</dt>
<data>
1.081357e+00 1.363419e-01 -2.008203e+02 -1.082958e-01
1.096158e+00 1.545621e+01 8.543820e-07 9.252921e-06 1.000000e+00 </data></homografia_opt0003>
</opencv_storage>