<?xml version="1.0"?>
<opencv_storage>
<homografia_opt0004 type_id="opencv-matrix">
<rows>3</rows>
<cols>3</cols>
<dt>f</dt>
<data>
1.012325e+00 1.313213e-01 -1.502371e+02 -1.318968e-01
9.097038e-01 5.027438e+01 4.861525e-04 -3.167291e-04 1.000000e+00 </data></homografia_opt0004>
</opencv_storage>