<?xml version="1.0"?>
<opencv_storage>
<homografia_opt0008 type_id="opencv-matrix">
<rows>3</rows>
<cols>3</cols>
<dt>f</dt>
<data>
9.794002e-01 -5.120545e-02 -3.501710e+01 -8.306416e-03
1.046698e+00 6.890534e+01 3.185160e-04 3.724201e-05 1.000000e+00 </data></homografia_opt0008>
</opencv_storage>