<?xml version="1.0"?>
<opencv_storage>
<homografia_opt0016 type_id="opencv-matrix">
<rows>3</rows>
<cols>3</cols>
<dt>f</dt>
<data>
1.013882e+00 5.314651e-03 -2.207580e+01 -3.226902e-03
1.011248e+00 -5.495643e+01 2.050680e-04 4.991066e-04 1.000000e+00 </data></homografia_opt0016>
</opencv_storage>