<?xml version="1.0"?>
<opencv_storage>
<homografia_opt0013 type_id="opencv-matrix">
<rows>3</rows>
<cols>3</cols>
<dt>f</dt>
<data>
1.085734e+00 -1.265435e-01 1.522147e+02 1.241469e-01
8.800561e-01 2.036293e+00 -5.853405e-04 -1.041235e-07 1.000000e+00 </data></homografia_opt0013>
</opencv_storage>