<?xml version="1.0"?>
<opencv_storage>
<homografia_opt0010 type_id="opencv-matrix">
<rows>3</rows>
<cols>3</cols>
<dt>f</dt>
<data>
9.554279e-01 -1.753285e-01 2.620704e+01 1.582126e-01
9.690034e-01 2.732402e+01 -1.432344e-04 -1.079149e-03 1.000000e+00 </data></homografia_opt0010>
</opencv_storage>