<?xml version="1.0"?>
<opencv_storage>
<homografia_opt0005 type_id="opencv-matrix">
<rows>3</rows>
<cols>3</cols>
<dt>f</dt>
<data>
8.580734e-01 1.920960e-02 -4.132108e+01 -2.045103e-01
9.151753e-01 6.011619e+01 -8.999173e-05 -2.000303e-04 1.000000e+00 </data></homografia_opt0005>
</opencv_storage>