<?xml version="1.0"?>
<opencv_storage>
<homografia_opt0009 type_id="opencv-matrix">
<rows>3</rows>
<cols>3</cols>
<dt>f</dt>
<data>
9.672237e-01 -1.507210e-01 -2.744170e+01 3.657212e-02
9.262236e-01 5.344888e+01 -2.810603e-04 -9.949580e-04 1.000000e+00 </data></homografia_opt0009>
</opencv_storage>