<?xml version="1.0"?>
<opencv_storage>
<homografia_opt0004 type_id="opencv-matrix">
<rows>3</rows>
<cols>3</cols>
<dt>f</dt>
<data>
1.153002e+00 8.914867e-02 -1.220093e+02 -1.252515e-01
8.642207e-01 3.344529e+01 1.920050e-04 -1.372898e-04 1.000000e+00 </data></homografia_opt0004>
</opencv_storage>