<?xml version="1.0"?>
<opencv_storage>
<homografia_opt0003 type_id="opencv-matrix">
<rows>3</rows>
<cols>3</cols>
<dt>f</dt>
<data>
1.116024e+00 1.278559e-01 -2.250348e+02 -2.337204e-01
1.091237e+00 1.306043e+01 1.225279e-03 -1.666910e-04 1.000000e+00 </data></homografia_opt0003>
</opencv_storage>