<?xml version="1.0"?>
<opencv_storage>
<homografia_opt0008 type_id="opencv-matrix">
<rows>3</rows>
<cols>3</cols>
<dt>f</dt>
<data>
9.540514e-01 4.908401e-02 -3.470168e+01 -4.766997e-02
9.667417e-01 1.034091e+02 -1.162926e-04 -3.366142e-04 1.000000e+00 </data></homografia_opt0008>
</opencv_storage>