<?xml version="1.0"?>
<opencv_storage>
<homografia_opt0016 type_id="opencv-matrix">
<rows>3</rows>
<cols>3</cols>
<dt>f</dt>
<data>
1.017611e+00 -1.108745e-01 -5.048895e+01 1.025948e-01
9.069031e-01 -5.307684e+01 9.607522e-04 -9.960352e-04 1.000000e+00 </data></homografia_opt0016>
</opencv_storage>