<?xml version="1.0"?>
<opencv_storage>
<homografia_opt0015 type_id="opencv-matrix">
<rows>3</rows>
<cols>3</cols>
<dt>f</dt>
<data>
9.927214e-01 -2.509900e-01 9.382405e+01 2.560198e-01
9.200590e-01 -1.064477e+02 6.827986e-04 1.045990e-03 1.000000e+00 </data></homografia_opt0015>
</opencv_storage>