<?xml version="1.0"?>
<opencv_storage>
<homografia_opt0006 type_id="opencv-matrix">
<rows>3</rows>
<cols>3</cols>
<dt>f</dt>
<data>
1.112665e+00 1.774348e-01 -1.613386e+02 -1.052161e-01
1.125288e+00 -8.957026e+00 -4.255907e-04 -1.968738e-04 1.000000e+00 </data></homografia_opt0006>
</opencv_storage>