<?xml version="1.0"?>
<opencv_storage>
<homografia_opt0005 type_id="opencv-matrix">
<rows>3</rows>
<cols>3</cols>
<dt>f</dt>
<data>
7.652322e-01 -7.576708e-04 -7.165795e+01 -1.729601e-01
8.135957e-01 9.036572e+01 4.743522e-05 -7.623228e-04 1.000000e+00 </data></homografia_opt0005>
</opencv_storage>