<?xml version="1.0"?>
<opencv_storage>
<homografia_opt0013 type_id="opencv-matrix">
<rows>3</rows>
<cols>3</cols>
<dt>f</dt>
<data>
1.073141e+00 -1.619611e-01 1.663666e+02 1.707096e-01
9.077266e-01 -2.773110e+01 1.143828e-04 1.515547e-04 1.000000e+00 </data></homografia_opt0013>
</opencv_storage>