<?xml version="1.0"?>
<opencv_storage>
<homografia_opt0015 type_id="opencv-matrix">
<rows>3</rows>
<cols>3</cols>
<dt>f</dt>
<data>
1.025567e+00 -1.231942e-01 1.032490e+02 1.610301e-01
1.041315e+00 -1.087977e+02 7.591988e-04 8.273280e-06 1.000000e+00 </data></homografia_opt0015>
</opencv_storage>