<?xml version="1.0"?>
<opencv_storage>
<homografia_opt0014 type_id="opencv-matrix">
<rows>3</rows>
<cols>3</cols>
<dt>f</dt>
<data>
9.165815e-01 -5.067361e-02 1.191968e+02 8.239365e-02
1.013404e+00 -2.464008e+01 -1.742320e-05 -3.627238e-04 1.000000e+00 </data></homografia_opt0014>
</opencv_storage>