<?xml version="1.0"?>
<opencv_storage>
<homografia_opt0011 type_id="opencv-matrix">
<rows>3</rows>
<cols>3</cols>
<dt>f</dt>
<data>
9.679283e-01 -1.442319e-01 1.301040e+02 2.153263e-01
9.494576e-01 -8.691424e+00 -2.520136e-04 3.321392e-04 1.000000e+00 </data></homografia_opt0011>
</opencv_storage>