<?xml version="1.0"?>
<opencv_storage>
<homografia_opt0009 type_id="opencv-matrix">
<rows>3</rows>
<cols>3</cols>
<dt>f</dt>
<data>
9.930533e-01 -9.830911e-02 -2.619864e+01 7.229986e-02
9.928197e-01 3.589888e+01 -1.498699e-04 -2.546343e-04 1.000000e+00 </data></homografia_opt0009>
</opencv_storage>