<?xml version="1.0"?>
<opencv_storage>
<homografia_opt0014 type_id="opencv-matrix">
<rows>3</rows>
<cols>3</cols>
<dt>f</dt>
<data>
9.740383e-01 -1.122850e-01 1.215274e+02 1.191719e-01
1.025904e+00 -1.997179e+01 1.886495e-04 6.125759e-04 1.000000e+00 </data></homografia_opt0014>
</opencv_storage>