<?xml version="1.0"?>
<opencv_storage>
<homografia_opt0012 type_id="opencv-matrix">
<rows>3</rows>
<cols>3</cols>
<dt>f</dt>
<data>
9.395623e-01 1.036562e-02 4.124178e+01 -5.339324e-03
9.977929e-01 3.719658e+00 -4.283985e-04 8.594187e-04 1.000000e+00 </data></homografia_opt0012>
</opencv_storage>