<?xml version="1.0"?>
<opencv_storage>
<homografia_opt0002 type_id="opencv-matrix">
<rows>3</rows>
<cols>3</cols>
<dt>f</dt>
<data>
1.018660e+00 -6.699806e-02 -1.309966e+02 -4.363424e-02
9.496137e-01 -8.479238e+01 -4.195432e-05 6.062928e-05 1.000000e+00 </data></homografia_opt0002>
</opencv_storage>