<?xml version="1.0"?>
<opencv_storage>
<cumhom0009 type_id="opencv-matrix">
  <rows>3</rows>
  <cols>3</cols>
  <dt>f</dt>
  <data>
    7.87113488e-01 6.87833250e-01 -5.86767273e+02 -5.88240325e-01
    9.53969300e-01 3.71140076e+02 7.46975536e-04 -5.46984782e-04
    6.23796821e-01</data></cumhom0009>
</opencv_storage>
