<?xml version="1.0"?>
<opencv_storage>
<homografia_opt0014 type_id="opencv-matrix">
<rows>3</rows>
<cols>3</cols>
<dt>f</dt>
<data>
9.372172e-01 -3.996554e-02 1.186830e+02 1.244450e-01
9.843918e-01 -2.498013e+01 -1.329921e-04 1.703269e-04 1.000000e+00 </data></homografia_opt0014>
</opencv_storage>