<?xml version="1.0"?>
<opencv_storage>
<homografia_opt0010 type_id="opencv-matrix">
<rows>3</rows>
<cols>3</cols>
<dt>f</dt>
<data>
9.705199e-01 -1.666361e-01 2.598108e+01 1.223621e-01
9.428042e-01 2.696823e+01 -4.350830e-06 3.881873e-05 1.000000e+00 </data></homografia_opt0010>
</opencv_storage>