<?xml version="1.0"?>
<opencv_storage>
<homografia_opt0015 type_id="opencv-matrix">
<rows>3</rows>
<cols>3</cols>
<dt>f</dt>
<data>
9.791060e-01 -1.578035e-01 1.027538e+02 1.348046e-01
1.018623e+00 -1.090838e+02 1.374415e-04 8.398332e-05 1.000000e+00 </data></homografia_opt0015>
</opencv_storage>