<?xml version="1.0"?>
<opencv_storage>
<homografia_opt0012 type_id="opencv-matrix">
<rows>3</rows>
<cols>3</cols>
<dt>f</dt>
<data>
9.306437e-01 -8.646882e-02 6.571579e+01 5.611921e-02
1.039662e+00 -6.132407e+00 2.618081e-04 1.012814e-04 1.000000e+00 </data></homografia_opt0012>
</opencv_storage>