<?xml version="1.0"?>
<opencv_storage>
<homografia_opt0005 type_id="opencv-matrix">
<rows>3</rows>
<cols>3</cols>
<dt>f</dt>
<data>
7.778556e-01 6.036466e-02 -4.158775e+01 -1.824097e-01
8.930429e-01 5.974940e+01 4.524804e-05 -3.239124e-04 1.000000e+00 </data></homografia_opt0005>
</opencv_storage>