<?xml version="1.0"?>
<opencv_storage>
<homografia_opt0003 type_id="opencv-matrix">
<rows>3</rows>
<cols>3</cols>
<dt>f</dt>
<data>
1.101827e+00 1.927479e-01 -2.009754e+02 -1.358065e-01
1.077862e+00 1.537623e+01 -3.646617e-05 2.582885e-04 1.000000e+00 </data></homografia_opt0003>
</opencv_storage>