<?xml version="1.0"?>
<opencv_storage>
<homografia_opt0008 type_id="opencv-matrix">
<rows>3</rows>
<cols>3</cols>
<dt>f</dt>
<data>
9.682059e-01 -6.604713e-03 -3.519765e+01 1.042295e-02
1.035889e+00 6.852751e+01 -1.283683e-05 4.283274e-05 1.000000e+00 </data></homografia_opt0008>
</opencv_storage>