<?xml version="1.0"?>
<opencv_storage>
<homografia_opt0004 type_id="opencv-matrix">
<rows>3</rows>
<cols>3</cols>
<dt>f</dt>
<data>
1.066075e+00 7.715176e-02 -1.222297e+02 -1.391971e-01
9.033873e-01 3.320340e+01 5.998906e-06 7.690100e-05 1.000000e+00 </data></homografia_opt0004>
</opencv_storage>