<?xml version="1.0"?>
<opencv_storage>
<homografia_opt0013 type_id="opencv-matrix">
<rows>3</rows>
<cols>3</cols>
<dt>f</dt>
<data>
1.055085e+00 -1.991801e-01 1.660157e+02 2.175447e-01
9.082627e-01 -2.823183e+01 1.651105e-04 1.562467e-04 1.000000e+00 </data></homografia_opt0013>
</opencv_storage>