<?xml version="1.0"?>
<opencv_storage>
<homografia_new0014 type_id="opencv-matrix">
  <rows>3</rows>
  <cols>3</cols>
  <dt>f</dt>
  <data>
    9.90325570e-01 2.33304147e-02 -8.49180222e+01 2.14258313e-01
    9.18354750e-01 2.27986984e+02 3.75837728e-04 -9.16165824e-04
    9.18275416e-01</data></homografia_new0014>
</opencv_storage>
