<?xml version="1.0"?>
<opencv_storage>
<homografia_opt0002 type_id="opencv-matrix">
<rows>3</rows>
<cols>3</cols>
<dt>f</dt>
<data>
1.086177e+00 -5.789412e-02 -1.310971e+02 1.548482e-02
9.470745e-01 -8.476730e+01 1.855021e-04 -3.528918e-04 1.000000e+00 </data></homografia_opt0002>
</opencv_storage>