<?xml version="1.0"?>
<opencv_storage>
<homografia_opt0009 type_id="opencv-matrix">
<rows>3</rows>
<cols>3</cols>
<dt>f</dt>
<data>
1.003454e+00 -1.302958e-02 -2.638916e+01 4.577826e-02
9.639895e-01 3.582509e+01 9.294367e-05 -4.070588e-05 1.000000e+00 </data></homografia_opt0009>
</opencv_storage>