<?xml version="1.0"?>
<opencv_storage>
<homografia_opt0007 type_id="opencv-matrix">
<rows>3</rows>
<cols>3</cols>
<dt>f</dt>
<data>
9.743207e-01 9.187075e-02 -4.935766e+01 -1.107486e-01
1.024349e+00 8.477368e+01 7.012743e-05 1.225878e-04 1.000000e+00 </data></homografia_opt0007>
</opencv_storage>