<?xml version="1.0"?>
<opencv_storage>
<cumhom0005 type_id="opencv-matrix">
  <rows>3</rows>
  <cols>3</cols>
  <dt>f</dt>
  <data>
    8.51077676e-01 4.38810825e-01 -5.07281738e+02 -4.46174622e-01
    8.72167349e-01 6.93410950e+01 3.71178787e-04 -5.27214550e-04
    8.68335009e-01</data></cumhom0005>
</opencv_storage>
