<?xml version="1.0"?>
<opencv_storage>
<homografia_opt0015 type_id="opencv-matrix">
<rows>3</rows>
<cols>3</cols>
<dt>f</dt>
<data>
1.005971e+00 -1.499315e-01 1.040450e+02 1.600585e-01
1.020358e+00 -1.083137e+02 5.213135e-05 5.337197e-05 1.000000e+00 </data></homografia_opt0015>
</opencv_storage>