<?xml version="1.0"?>
<opencv_storage>
<homografia_opt0010 type_id="opencv-matrix">
<rows>3</rows>
<cols>3</cols>
<dt>f</dt>
<data>
9.611304e-01 -1.489358e-01 2.643433e+01 1.262677e-01
9.582860e-01 2.825448e+01 -3.759303e-04 -3.731407e-04 1.000000e+00 </data></homografia_opt0010>
</opencv_storage>