<?xml version="1.0"?>
<opencv_storage>
<homografia_opt0004 type_id="opencv-matrix">
<rows>3</rows>
<cols>3</cols>
<dt>f</dt>
<data>
9.465532e-01 2.947195e-01 -1.214367e+02 -2.794718e-01
8.481753e-01 3.416917e+01 2.991469e-03 1.123464e-02 1.000000e+00 </data></homografia_opt0004>
</opencv_storage>