<?xml version="1.0"?>
<opencv_storage>
<homografia_opt0014 type_id="opencv-matrix">
<rows>3</rows>
<cols>3</cols>
<dt>f</dt>
<data>
1.026097e+00 -2.717233e-01 1.200055e+02 3.154851e-02
1.001334e+00 -2.412129e+01 -1.151835e-02 -2.246871e-05 1.000000e+00 </data></homografia_opt0014>
</opencv_storage>