<?xml version="1.0"?>
<opencv_storage>
<homografia_opt0016 type_id="opencv-matrix">
<rows>3</rows>
<cols>3</cols>
<dt>f</dt>
<data>
9.957262e-01 -1.450874e-01 -2.119410e+01 2.429261e-03
9.858138e-01 -5.439646e+01 1.122306e-02 -1.332195e-02 1.000000e+00 </data></homografia_opt0016>
</opencv_storage>