<?xml version="1.0"?>
<opencv_storage>
<homografia_opt0005 type_id="opencv-matrix">
<rows>3</rows>
<cols>3</cols>
<dt>f</dt>
<data>
7.628393e-01 -6.331943e-03 -4.826868e+01 -1.638857e-01
8.685036e-01 6.205360e+01 1.339503e-03 -6.729549e-04 1.000000e+00 </data></homografia_opt0005>
</opencv_storage>