<?xml version="1.0"?>
<opencv_storage>
<homografia_opt0013 type_id="opencv-matrix">
<rows>3</rows>
<cols>3</cols>
<dt>f</dt>
<data>
1.097190e+00 -1.879688e-01 1.669050e+02 2.013319e-01
9.021441e-01 -2.706724e+01 2.824774e-04 1.731494e-04 1.000000e+00 </data></homografia_opt0013>
</opencv_storage>