<?xml version="1.0"?>
<opencv_storage>
<homografia_opt0006 type_id="opencv-matrix">
<rows>3</rows>
<cols>3</cols>
<dt>f</dt>
<data>
1.143930e+00 2.044010e-01 -1.611448e+02 -7.604631e-02
1.136945e+00 -8.265187e+00 -6.460490e-05 -2.419141e-08 1.000000e+00 </data></homografia_opt0006>
</opencv_storage>