<?xml version="1.0"?>
<opencv_storage>
<homografia_opt0006 type_id="opencv-matrix">
<rows>3</rows>
<cols>3</cols>
<dt>f</dt>
<data>
1.145365e+00 2.034553e-01 -1.611206e+02 -7.669543e-02
1.138984e+00 -8.208746e+00 3.420210e-04 -2.143066e-05 1.000000e+00 </data></homografia_opt0006>
</opencv_storage>