<?xml version="1.0"?>
<opencv_storage>
<homografia_opt0005 type_id="opencv-matrix">
<rows>3</rows>
<cols>3</cols>
<dt>f</dt>
<data>
7.627693e-01 3.868264e-03 -4.072977e+01 -1.727017e-01
8.553226e-01 6.096440e+01 -1.508650e-04 -4.687681e-04 1.000000e+00 </data></homografia_opt0005>
</opencv_storage>