<?xml version="1.0"?>
<opencv_storage>
<homografia_opt0012 type_id="opencv-matrix">
<rows>3</rows>
<cols>3</cols>
<dt>f</dt>
<data>
9.970946e-01 -1.803652e-01 6.666530e+01 8.039169e-02
8.888113e-01 -4.622010e+00 -8.300154e-03 -3.872242e-04 1.000000e+00 </data></homografia_opt0012>
</opencv_storage>