<?xml version="1.0"?>
<opencv_storage>
<homografia_opt0009 type_id="opencv-matrix">
<rows>3</rows>
<cols>3</cols>
<dt>f</dt>
<data>
9.288422e-01 -9.005407e-03 -2.600945e+01 8.424070e-02
9.842440e-01 3.689944e+01 2.664675e-04 -1.692472e-03 1.000000e+00 </data></homografia_opt0009>
</opencv_storage>