<?xml version="1.0"?>
<opencv_storage>
<homografia_opt0016 type_id="opencv-matrix">
<rows>3</rows>
<cols>3</cols>
<dt>f</dt>
<data>
1.006841e+00 -2.266488e-03 -2.127568e+01 4.500311e-03
1.006713e+00 -5.443915e+01 -2.592134e-05 -3.876374e-05 1.000000e+00 </data></homografia_opt0016>
</opencv_storage>