<?xml version="1.0"?>
<opencv_storage>
<homografia_opt0013 type_id="opencv-matrix">
<rows>3</rows>
<cols>3</cols>
<dt>f</dt>
<data>
1.121868e+00 -1.806982e-01 1.538955e+02 1.862457e-01
9.829917e-01 -3.524457e+01 3.309115e-03 2.789356e-03 1.000000e+00 </data></homografia_opt0013>
</opencv_storage>