<?xml version="1.0"?>
<opencv_storage>
<homografia_opt0014 type_id="opencv-matrix">
<rows>3</rows>
<cols>3</cols>
<dt>f</dt>
<data>
1.088982e+00 -1.209464e-01 1.151450e+02 2.035831e-01
9.096985e-01 -1.726395e+01 3.992425e-04 6.769428e-03 1.000000e+00 </data></homografia_opt0014>
</opencv_storage>