<?xml version="1.0"?>
<opencv_storage>
<homografia_opt0008 type_id="opencv-matrix">
<rows>3</rows>
<cols>3</cols>
<dt>f</dt>
<data>
9.220100e-01 1.185736e-01 -3.485121e+01 3.880635e-02
1.055808e+00 6.990304e+01 -7.736890e-03 1.002567e-03 1.000000e+00 </data></homografia_opt0008>
</opencv_storage>