<?xml version="1.0"?>
<opencv_storage>
<homografia_opt0003 type_id="opencv-matrix">
<rows>3</rows>
<cols>3</cols>
<dt>f</dt>
<data>
1.109262e+00 1.646920e-01 -2.002633e+02 -1.430055e-01
1.125516e+00 1.601495e+01 -2.956725e-04 8.993302e-04 1.000000e+00 </data></homografia_opt0003>
</opencv_storage>