<?xml version="1.0"?>
<opencv_storage>
<homografia_opt0002 type_id="opencv-matrix">
<rows>3</rows>
<cols>3</cols>
<dt>f</dt>
<data>
1.048445e+00 -3.518354e-02 -1.303206e+02 -1.072732e-01
9.100837e-01 -8.403301e+01 -1.931717e-02 4.098047e-02 1.000000e+00 </data></homografia_opt0002>
</opencv_storage>