<?xml version="1.0"?>
<opencv_storage>
<homografia_opt0015 type_id="opencv-matrix">
<rows>3</rows>
<cols>3</cols>
<dt>f</dt>
<data>
1.006585e+00 -1.509900e-01 1.040524e+02 1.590004e-01
1.019300e+00 -1.083071e+02 4.360933e-05 4.481639e-05 1.000000e+00 </data></homografia_opt0015>
</opencv_storage>