<?xml version="1.0"?>
<opencv_storage>
<homografia_opt0008 type_id="opencv-matrix">
<rows>3</rows>
<cols>3</cols>
<dt>f</dt>
<data>
9.825583e-01 -2.739583e-02 -3.484499e+01 1.281505e-02
1.023965e+00 6.989350e+01 -7.003223e-05 8.305109e-05 1.000000e+00 </data></homografia_opt0008>
</opencv_storage>