<?xml version="1.0"?>
<opencv_storage>
<homografia_opt0010 type_id="opencv-matrix">
<rows>3</rows>
<cols>3</cols>
<dt>f</dt>
<data>
9.668027e-01 -1.484170e-01 2.646429e+01 1.025205e-01
9.573769e-01 2.832876e+01 -6.612974e-05 -3.381245e-05 1.000000e+00 </data></homografia_opt0010>
</opencv_storage>