<?xml version="1.0"?>
<opencv_storage>
<homografia_opt0015 type_id="opencv-matrix">
<rows>3</rows>
<cols>3</cols>
<dt>f</dt>
<data>
1.003797e+00 -1.502903e-01 1.039790e+02 1.596102e-01
1.018762e+00 -1.083431e+02 6.700678e-04 2.444787e-05 1.000000e+00 </data></homografia_opt0015>
</opencv_storage>