<?xml version="1.0"?>
<opencv_storage>
<homografia_opt0006 type_id="opencv-matrix">
<rows>3</rows>
<cols>3</cols>
<dt>f</dt>
<data>
1.058329e+00 1.999709e-01 -1.611218e+02 -5.476233e-02
1.181894e+00 -8.195468e+00 7.311889e-03 -2.459180e-03 1.000000e+00 </data></homografia_opt0006>
</opencv_storage>