<?xml version="1.0"?>
<opencv_storage>
<homografia_opt0001 type_id="opencv-matrix">
<rows>3</rows>
<cols>3</cols>
<dt>f</dt>
<data>
1.000000e+00 2.021677e-08 -2.236642e-08 -4.087508e-09
1.000000e+00 -2.257232e-08 -2.254250e-08 -2.254250e-08 1.000000e+00 </data></homografia_opt0001>
</opencv_storage>