<?xml version="1.0"?>
<opencv_storage>
<homografia_opt0007 type_id="opencv-matrix">
<rows>3</rows>
<cols>3</cols>
<dt>f</dt>
<data>
1.001124e+00 2.874668e-02 -4.843559e+01 -1.208485e-01
9.760553e-01 8.576846e+01 1.358110e-03 1.612674e-03 1.000000e+00 </data></homografia_opt0007>
</opencv_storage>