<?xml version="1.0"?>
<opencv_storage>
<homografia_opt0007 type_id="opencv-matrix">
<rows>3</rows>
<cols>3</cols>
<dt>f</dt>
<data>
1.013841e+00 9.522939e-02 -4.880724e+01 -1.051626e-01
1.004540e+00 8.618953e+01 4.043648e-05 2.303461e-04 1.000000e+00 </data></homografia_opt0007>
</opencv_storage>