<?xml version="1.0"?>
<opencv_storage>
<homografia_opt0010 type_id="opencv-matrix">
<rows>3</rows>
<cols>3</cols>
<dt>f</dt>
<data>
1.080096e+00 -1.777481e-02 2.624624e+01 3.213727e-02
8.134471e-01 3.121328e+01 -2.497205e-04 1.842319e-03 1.000000e+00 </data></homografia_opt0010>
</opencv_storage>