<?xml version="1.0"?>
<opencv_storage>
<homografia_opt0002 type_id="opencv-matrix">
<rows>3</rows>
<cols>3</cols>
<dt>f</dt>
<data>
1.057475e+00 -3.903809e-02 -1.303851e+02 -1.567535e-02
9.688023e-01 -8.409657e+01 1.460628e-04 -5.468267e-04 1.000000e+00 </data></homografia_opt0002>
</opencv_storage>