<?xml version="1.0"?>
<opencv_storage>
<homografia_opt0015 type_id="opencv-matrix">
<rows>3</rows>
<cols>3</cols>
<dt>f</dt>
<data>
9.968649e-01 -1.557939e-01 1.040510e+02 1.484440e-01
1.033293e+00 -1.083073e+02 3.122451e-03 5.577849e-03 1.000000e+00 </data></homografia_opt0015>
</opencv_storage>