<?xml version="1.0"?>
<opencv_storage>
<homografia_opt0012 type_id="opencv-matrix">
<rows>3</rows>
<cols>3</cols>
<dt>f</dt>
<data>
9.752514e-01 -7.200014e-02 6.660148e+01 8.149709e-02
9.859103e-01 -4.710385e+00 -3.632590e-04 3.219179e-04 1.000000e+00 </data></homografia_opt0012>
</opencv_storage>