<?xml version="1.0"?>
<opencv_storage>
<homografia_opt0008 type_id="opencv-matrix">
<rows>3</rows>
<cols>3</cols>
<dt>f</dt>
<data>
9.836309e-01 -2.633682e-02 -3.484369e+01 1.387935e-02
1.024988e+00 6.990362e+01 -1.866781e-04 4.520840e-05 1.000000e+00 </data></homografia_opt0008>
</opencv_storage>