<?xml version="1.0"?>
<opencv_storage>
<homografia_opt0001 type_id="opencv-matrix">
<rows>3</rows>
<cols>3</cols>
<dt>f</dt>
<data>
9.991046e-01 1.148508e-03 -3.152626e-03 1.069204e-03
9.975718e-01 -2.405876e-03 -4.523794e-05 7.706160e-05 1.000000e+00 </data></homografia_opt0001>
</opencv_storage>