<?xml version="1.0"?>
<opencv_storage>
<homografia_opt0007 type_id="opencv-matrix">
<rows>3</rows>
<cols>3</cols>
<dt>f</dt>
<data>
1.014901e+00 9.628853e-02 -4.880502e+01 -1.039601e-01
1.005601e+00 8.619855e+01 -7.173145e-05 -5.232596e-05 1.000000e+00 </data></homografia_opt0007>
</opencv_storage>