<?xml version="1.0"?>
<opencv_storage>
<homografia_opt0009 type_id="opencv-matrix">
<rows>3</rows>
<cols>3</cols>
<dt>f</dt>
<data>
9.946299e-01 4.848008e-02 -2.455830e+01 -1.897548e-03
9.956834e-01 3.678820e+01 -4.767526e-04 -8.434915e-04 1.000000e+00 </data></homografia_opt0009>
</opencv_storage>