<?xml version="1.0"?>
<opencv_storage>
<homografia_opt0012 type_id="opencv-matrix">
<rows>3</rows>
<cols>3</cols>
<dt>f</dt>
<data>
1.029935e+00 -3.929688e-02 6.105947e+01 4.246461e-02
1.005994e+00 1.366598e-01 -1.439877e-03 4.199525e-03 1.000000e+00 </data></homografia_opt0012>
</opencv_storage>