<?xml version="1.0"?>
<opencv_storage>
<homografia_opt0003 type_id="opencv-matrix">
<rows>3</rows>
<cols>3</cols>
<dt>f</dt>
<data>
1.080152e+00 1.730625e-01 -2.006715e+02 -1.649306e-01
1.081519e+00 1.559586e+01 1.413061e-05 9.011639e-06 1.000000e+00 </data></homografia_opt0003>
</opencv_storage>