<?xml version="1.0"?>
<opencv_storage>
<homografia_opt0003 type_id="opencv-matrix">
<rows>3</rows>
<cols>3</cols>
<dt>f</dt>
<data>
1.074903e+00 2.033833e-01 -2.002063e+02 -1.079479e-01
1.049103e+00 1.606161e+01 -1.468361e-02 -3.361724e-04 1.000000e+00 </data></homografia_opt0003>
</opencv_storage>