<?xml version="1.0"?>
<opencv_storage>
<homografia_opt0011 type_id="opencv-matrix">
<rows>3</rows>
<cols>3</cols>
<dt>f</dt>
<data>
9.904457e-01 -1.779640e-01 1.305720e+02 2.253403e-01
9.523941e-01 -8.223369e+00 4.002801e-04 2.810029e-05 1.000000e+00 </data></homografia_opt0011>
</opencv_storage>