<?xml version="1.0"?>
<opencv_storage>
<homografia_opt0006 type_id="opencv-matrix">
<rows>3</rows>
<cols>3</cols>
<dt>f</dt>
<data>
1.146508e+00 2.351030e-01 -1.640283e+02 -5.899456e-02
1.139473e+00 -9.312108e+00 -2.844229e-03 -2.274780e-03 1.000000e+00 </data></homografia_opt0006>
</opencv_storage>