<?xml version="1.0"?>
<opencv_storage>
<homografia_opt0002 type_id="opencv-matrix">
<rows>3</rows>
<cols>3</cols>
<dt>f</dt>
<data>
9.146922e-01 -1.025857e-01 -1.381178e+02 -1.287960e-01
9.238681e-01 -8.766238e+01 -2.465325e-03 -1.883142e-03 1.000000e+00 </data></homografia_opt0002>
</opencv_storage>