<?xml version="1.0"?>
<opencv_storage>
<homografia_opt0014 type_id="opencv-matrix">
<rows>3</rows>
<cols>3</cols>
<dt>f</dt>
<data>
9.402720e-01 -8.053376e-02 1.199350e+02 1.039484e-01
9.765665e-01 -2.414934e+01 -3.290695e-04 7.067227e-04 1.000000e+00 </data></homografia_opt0014>
</opencv_storage>