<?xml version="1.0"?>
<opencv_storage>
<homografia_opt0009 type_id="opencv-matrix">
<rows>3</rows>
<cols>3</cols>
<dt>f</dt>
<data>
1.001549e+00 -7.355907e-02 -2.600808e+01 6.535511e-02
1.001794e+00 3.690145e+01 -9.664540e-05 -2.300325e-05 1.000000e+00 </data></homografia_opt0009>
</opencv_storage>