<?xml version="1.0"?>
<opencv_storage>
<homografia_opt0008 type_id="opencv-matrix">
<rows>3</rows>
<cols>3</cols>
<dt>f</dt>
<data>
9.628194e-01 -6.129970e-02 -3.263363e+01 1.301491e-02
1.051402e+00 7.049359e+01 7.081772e-04 3.430212e-04 1.000000e+00 </data></homografia_opt0008>
</opencv_storage>