<?xml version="1.0"?>
<opencv_storage>
<homografia_opt0009 type_id="opencv-matrix">
<rows>3</rows>
<cols>3</cols>
<dt>f</dt>
<data>
1.001655e+00 -7.462110e-02 -2.603247e+01 6.499666e-02
1.000821e+00 3.681822e+01 1.547935e-04 -3.597365e-04 1.000000e+00 </data></homografia_opt0009>
</opencv_storage>