<?xml version="1.0"?>
<opencv_storage>
<homografia_opt0011 type_id="opencv-matrix">
<rows>3</rows>
<cols>3</cols>
<dt>f</dt>
<data>
9.925029e-01 -1.785204e-01 1.306112e+02 2.224203e-01
9.225330e-01 -8.153441e+00 -3.404995e-04 1.214684e-04 1.000000e+00 </data></homografia_opt0011>
</opencv_storage>