<?xml version="1.0"?>
<opencv_storage>
<homografia_opt0003 type_id="opencv-matrix">
<rows>3</rows>
<cols>3</cols>
<dt>f</dt>
<data>
1.113387e+00 1.651070e-01 -2.002053e+02 -1.431691e-01
1.129674e+00 1.606105e+01 2.195219e-04 1.369763e-04 1.000000e+00 </data></homografia_opt0003>
</opencv_storage>