<?xml version="1.0"?>
<opencv_storage>
<homografia_opt0005 type_id="opencv-matrix">
<rows>3</rows>
<cols>3</cols>
<dt>f</dt>
<data>
7.629960e-01 4.298357e-03 -4.078605e+01 -1.738294e-01
8.556274e-01 6.088659e+01 4.925688e-04 -6.407482e-04 1.000000e+00 </data></homografia_opt0005>
</opencv_storage>