<?xml version="1.0"?>
<opencv_storage>
<homografia_opt0010 type_id="opencv-matrix">
<rows>3</rows>
<cols>3</cols>
<dt>f</dt>
<data>
9.901876e-01 -2.750286e-01 2.646429e+01 9.007546e-02
9.217263e-01 2.834619e+01 2.304237e-03 1.990160e-02 1.000000e+00 </data></homografia_opt0010>
</opencv_storage>