<?xml version="1.0"?>
<opencv_storage>
<homografia_opt0004 type_id="opencv-matrix">
<rows>3</rows>
<cols>3</cols>
<dt>f</dt>
<data>
1.013475e+00 1.167122e-01 -1.214412e+02 -1.622437e-01
9.573676e-01 3.416363e+01 6.746546e-05 2.550460e-04 1.000000e+00 </data></homografia_opt0004>
</opencv_storage>