<?xml version="1.0"?>
<opencv_storage>
<homografia_opt0012 type_id="opencv-matrix">
<rows>3</rows>
<cols>3</cols>
<dt>f</dt>
<data>
9.752097e-01 -7.191674e-02 6.665542e+01 7.695998e-02
9.882377e-01 -4.648979e+00 -1.403986e-05 5.925631e-04 1.000000e+00 </data></homografia_opt0012>
</opencv_storage>