<?xml version="1.0"?>
<opencv_storage>
<homografia_opt0002 type_id="opencv-matrix">
<rows>3</rows>
<cols>3</cols>
<dt>f</dt>
<data>
1.052052e+00 -4.040991e-02 -1.303277e+02 -1.650638e-02
9.687457e-01 -8.404162e+01 -2.096292e-04 -2.958943e-04 1.000000e+00 </data></homografia_opt0002>
</opencv_storage>