<?xml version="1.0"?>
<opencv_storage>
<homografia_opt0005 type_id="opencv-matrix">
<rows>3</rows>
<cols>3</cols>
<dt>f</dt>
<data>
7.496245e-01 2.808199e-03 -4.073498e+01 -1.737598e-01
8.737154e-01 6.095664e+01 3.623938e-04 -3.349524e-04 1.000000e+00 </data></homografia_opt0005>
</opencv_storage>