<?xml version="1.0"?>
<opencv_storage>
<homografia_opt0016 type_id="opencv-matrix">
<rows>3</rows>
<cols>3</cols>
<dt>f</dt>
<data>
1.008648e+00 -3.204821e-03 -2.120558e+01 4.063268e-03
1.007314e+00 -5.439957e+01 9.978019e-07 1.102423e-05 1.000000e+00 </data></homografia_opt0016>
</opencv_storage>