<?xml version="1.0"?>
<opencv_storage>
<homografia_opt0003 type_id="opencv-matrix">
<rows>3</rows>
<cols>3</cols>
<dt>f</dt>
<data>
1.175540e+00 1.595908e-01 -2.088082e+02 -1.352235e-01
1.201952e+00 1.166356e+01 -2.603187e-05 3.028601e-04 1.000000e+00 </data></homografia_opt0003>
</opencv_storage>