<?xml version="1.0"?>
<opencv_storage>
<homografia_opt0001 type_id="opencv-matrix">
<rows>3</rows>
<cols>3</cols>
<dt>f</dt>
<data>
8.626497e-01 -5.707985e-02 5.922066e-04 -4.535046e-03
9.423158e-01 -4.248251e-02 2.544845e-02 -1.014937e-02 1.000000e+00 </data></homografia_opt0001>
</opencv_storage>