<?xml version="1.0"?>
<opencv_storage>
<homografia_opt0014 type_id="opencv-matrix">
<rows>3</rows>
<cols>3</cols>
<dt>f</dt>
<data>
9.409006e-01 -8.062074e-02 1.200105e+02 1.034121e-01
9.777949e-01 -2.411021e+01 -8.574333e-05 3.414434e-06 1.000000e+00 </data></homografia_opt0014>
</opencv_storage>