<?xml version="1.0"?>
<opencv_storage>
<homografia_opt0003 type_id="opencv-matrix">
<rows>3</rows>
<cols>3</cols>
<dt>f</dt>
<data>
1.112327e+00 1.640475e-01 -2.002104e+02 -1.443714e-01
1.128615e+00 1.605547e+01 -1.020277e-04 -2.167189e-04 1.000000e+00 </data></homografia_opt0003>
</opencv_storage>