<?xml version="1.0"?>
<opencv_storage>
<homografia_opt0012 type_id="opencv-matrix">
<rows>3</rows>
<cols>3</cols>
<dt>f</dt>
<data>
9.762705e-01 -7.297569e-02 6.666117e+01 7.802115e-02
9.871796e-01 -4.639970e+00 -5.011391e-05 -1.426984e-05 1.000000e+00 </data></homografia_opt0012>
</opencv_storage>