<?xml version="1.0"?>
<opencv_storage>
<homografia_opt0004 type_id="opencv-matrix">
<rows>3</rows>
<cols>3</cols>
<dt>f</dt>
<data>
1.040327e+00 2.627425e-01 -1.297424e+02 -1.782900e-01
9.513258e-01 3.113571e+01 8.913402e-04 -6.959613e-04 1.000000e+00 </data></homografia_opt0004>
</opencv_storage>