<?xml version="1.0"?>
<opencv_storage>
<homografia_opt0011 type_id="opencv-matrix">
<rows>3</rows>
<cols>3</cols>
<dt>f</dt>
<data>
8.435741e-01 -2.949361e-02 1.290598e+02 2.254345e-01
9.484014e-01 -6.825690e+00 4.874807e-04 -9.831712e-03 1.000000e+00 </data></homografia_opt0011>
</opencv_storage>