<?xml version="1.0"?>
<opencv_storage>
<homografia_opt0014 type_id="opencv-matrix">
<rows>3</rows>
<cols>3</cols>
<dt>f</dt>
<data>
9.398417e-01 -7.956122e-02 1.200029e+02 1.023537e-01
9.788531e-01 -2.411588e+01 -9.118736e-05 2.569372e-04 1.000000e+00 </data></homografia_opt0014>
</opencv_storage>