<?xml version="1.0"?>
<opencv_storage>
<homografia_opt0013 type_id="opencv-matrix">
<rows>3</rows>
<cols>3</cols>
<dt>f</dt>
<data>
1.021400e+00 -1.642503e-01 1.669583e+02 1.518970e-01
8.444201e-01 -2.701533e+01 2.406455e-03 -1.734980e-05 1.000000e+00 </data></homografia_opt0013>
</opencv_storage>