<?xml version="1.0"?>
<opencv_storage>
<homografia_opt0015 type_id="opencv-matrix">
<rows>3</rows>
<cols>3</cols>
<dt>f</dt>
<data>
9.915854e-01 -1.656044e-01 1.022586e+02 1.203897e-01
8.695486e-01 -1.022508e+02 -5.447056e-04 -3.108295e-04 1.000000e+00 </data></homografia_opt0015>
</opencv_storage>