<?xml version="1.0"?>
<opencv_storage>
<homografia_opt0005 type_id="opencv-matrix">
<rows>3</rows>
<cols>3</cols>
<dt>f</dt>
<data>
7.296439e-01 1.171467e-01 -4.072709e+01 -1.479230e-01
8.373245e-01 6.096755e+01 -1.347471e-03 -4.818470e-03 1.000000e+00 </data></homografia_opt0005>
</opencv_storage>