<?xml version="1.0"?>
<opencv_storage>
<homografia_opt0016 type_id="opencv-matrix">
<rows>3</rows>
<cols>3</cols>
<dt>f</dt>
<data>
1.008180e+00 -1.087449e-02 -2.119706e+01 1.135995e-02
1.006903e+00 -5.439387e+01 8.887413e-06 3.957302e-06 1.000000e+00 </data></homografia_opt0016>
</opencv_storage>