<?xml version="1.0"?>
<opencv_storage>
<homografia_opt0009 type_id="opencv-matrix">
<rows>3</rows>
<cols>3</cols>
<dt>f</dt>
<data>
1.000489e+00 -7.461722e-02 -2.600957e+01 6.429074e-02
1.000735e+00 3.689124e+01 1.805612e-05 3.975239e-04 1.000000e+00 </data></homografia_opt0009>
</opencv_storage>