<?xml version="1.0"?>
<opencv_storage>
<homografia_opt0008 type_id="opencv-matrix">
<rows>3</rows>
<cols>3</cols>
<dt>f</dt>
<data>
9.831962e-01 -2.696673e-02 -3.486665e+01 1.329243e-02
1.023320e+00 6.982083e+01 3.651094e-04 -1.496215e-04 1.000000e+00 </data></homografia_opt0008>
</opencv_storage>