<?xml version="1.0"?>
<opencv_storage>
<homografia_opt0001 type_id="opencv-matrix">
<rows>3</rows>
<cols>3</cols>
<dt>f</dt>
<data>
1.000044e+00 -5.254260e-01 -6.409467e-03 -3.018302e-03
1.001018e+00 -7.585986e-03 1.110358e-05 -1.043187e-04 1.000000e+00 </data></homografia_opt0001>
</opencv_storage>