<?xml version="1.0"?>
<opencv_storage>
<homografia_opt0016 type_id="opencv-matrix">
<rows>3</rows>
<cols>3</cols>
<dt>f</dt>
<data>
1.091180e+00 -1.609176e-01 -2.985672e+01 1.147158e-01
1.150121e+00 -5.719896e+01 1.718500e-03 -7.811493e-04 1.000000e+00 </data></homografia_opt0016>
</opencv_storage>