<?xml version="1.0"?>
<opencv_storage>
<homografia_opt0007 type_id="opencv-matrix">
<rows>3</rows>
<cols>3</cols>
<dt>f</dt>
<data>
1.013058e+00 9.605308e-02 -4.883483e+01 -1.043148e-01
1.002548e+00 8.612353e+01 6.200474e-06 1.308110e-04 1.000000e+00 </data></homografia_opt0007>
</opencv_storage>