<?xml version="1.0"?>
<opencv_storage>
<homografia_opt0004 type_id="opencv-matrix">
<rows>3</rows>
<cols>3</cols>
<dt>f</dt>
<data>
1.014715e+00 1.167272e-01 -1.214922e+02 -1.595916e-01
9.514521e-01 3.411481e+01 -4.831390e-05 -9.510238e-06 1.000000e+00 </data></homografia_opt0004>
</opencv_storage>