<?xml version="1.0"?>
<opencv_storage>
<homografia_opt0001 type_id="opencv-matrix">
<rows>3</rows>
<cols>3</cols>
<dt>f</dt>
<data>
8.719620e-01 4.210347e-03 -4.625461e+00 1.116933e-02
1.024526e+00 -8.230677e+00 -9.436098e-03 9.016511e-03 1.000000e+00 </data></homografia_opt0001>
</opencv_storage>