<?xml version="1.0"?>
<opencv_storage>
<homografia_opt0013 type_id="opencv-matrix">
<rows>3</rows>
<cols>3</cols>
<dt>f</dt>
<data>
1.097220e+00 -1.876755e-01 1.669541e+02 1.983877e-01
9.171218e-01 -2.701628e+01 6.380281e-05 -1.292028e-04 1.000000e+00 </data></homografia_opt0013>
</opencv_storage>