<?xml version="1.0"?>
<opencv_storage>
<homografia_opt0011 type_id="opencv-matrix">
<rows>3</rows>
<cols>3</cols>
<dt>f</dt>
<data>
7.967518e-01 -1.129585e-01 1.306182e+02 2.745279e-01
1.079792e+00 -8.148267e+00 7.599358e-04 -2.270120e-02 1.000000e+00 </data></homografia_opt0011>
</opencv_storage>