<?xml version="1.0"?>
<opencv_storage>
<homografia_opt0007 type_id="opencv-matrix">
<rows>3</rows>
<cols>3</cols>
<dt>f</dt>
<data>
9.061200e-01 2.419450e-01 -4.880739e+01 -4.216992e-02
1.073881e+00 8.620196e+01 2.126566e-03 -2.015583e-04 1.000000e+00 </data></homografia_opt0007>
</opencv_storage>