<?xml version="1.0"?>
<opencv_storage>
<homografia_opt0009 type_id="opencv-matrix">
<rows>3</rows>
<cols>3</cols>
<dt>f</dt>
<data>
1.001465e+00 -1.519478e-01 -2.607206e+01 4.396126e-02
9.770169e-01 3.574829e+01 -7.847860e-05 -4.939637e-04 1.000000e+00 </data></homografia_opt0009>
</opencv_storage>