<?xml version="1.0"?>
<opencv_storage>
<homografia_opt0002 type_id="opencv-matrix">
<rows>3</rows>
<cols>3</cols>
<dt>f</dt>
<data>
1.059720e+00 -7.359291e-02 -1.302256e+02 -1.232908e-02
1.004859e+00 -8.373995e+01 4.268745e-05 -6.916554e-04 1.000000e+00 </data></homografia_opt0002>
</opencv_storage>
