<?xml version="1.0"?>
<opencv_storage>
<homografia_opt0004 type_id="opencv-matrix">
<rows>3</rows>
<cols>3</cols>
<dt>f</dt>
<data>
1.074337e+00 1.935740e-01 -1.220121e+02 -1.938791e-01
9.427313e-01 3.254691e+01 -1.651743e-04 2.630136e-04 1.000000e+00 </data></homografia_opt0004>
</opencv_storage>