<?xml version="1.0"?>
<opencv_storage>
<homografia_opt0005 type_id="opencv-matrix">
<rows>3</rows>
<cols>3</cols>
<dt>f</dt>
<data>
8.424921e-01 8.322444e-02 -3.628037e+01 -2.397286e-01
9.350632e-01 8.132935e+01 4.202851e-04 -9.223188e-04 1.000000e+00 </data></homografia_opt0005>
</opencv_storage>