<?xml version="1.0"?>
<opencv_storage>
<homografia_opt0002 type_id="opencv-matrix">
<rows>3</rows>
<cols>3</cols>
<dt>f</dt>
<data>
1.110576e+00 7.068401e-04 -1.311281e+02 -2.893661e-02
9.444705e-01 -8.482037e+01 7.052453e-05 -2.512502e-04 1.000000e+00 </data></homografia_opt0002>
</opencv_storage>