<?xml version="1.0"?>
<opencv_storage>
<homografia_opt0010 type_id="opencv-matrix">
<rows>3</rows>
<cols>3</cols>
<dt>f</dt>
<data>
9.605141e-01 -1.854125e-01 2.649981e+01 9.780099e-02
1.001994e+00 2.651117e+01 3.999817e-04 -7.265302e-05 1.000000e+00 </data></homografia_opt0010>
</opencv_storage>