<?xml version="1.0"?>
<opencv_storage>
<homografia_opt0016 type_id="opencv-matrix">
<rows>3</rows>
<cols>3</cols>
<dt>f</dt>
<data>
9.547792e-01 1.820163e-02 -2.246963e+01 -3.802411e-02
9.321125e-01 -5.429181e+01 -4.781108e-04 4.953440e-04 1.000000e+00 </data></homografia_opt0016>
</opencv_storage>