<?xml version="1.0"?>
<opencv_storage>
<homografia_opt0012 type_id="opencv-matrix">
<rows>3</rows>
<cols>3</cols>
<dt>f</dt>
<data>
1.005135e+00 -1.185311e-03 6.591761e+01 1.002382e-01
9.397619e-01 -5.149160e+00 -1.252074e-04 -4.090264e-04 1.000000e+00 </data></homografia_opt0012>
</opencv_storage>