<?xml version="1.0"?>
<opencv_storage>
<homografia_opt0014 type_id="opencv-matrix">
<rows>3</rows>
<cols>3</cols>
<dt>f</dt>
<data>
8.957320e-01 -2.665257e-02 1.191088e+02 1.599794e-01
1.024826e+00 -2.411534e+01 2.722176e-04 4.637231e-04 1.000000e+00 </data></homografia_opt0014>
</opencv_storage>