<?xml version="1.0"?>
<opencv_storage>
<homografia_opt0003 type_id="opencv-matrix">
<rows>3</rows>
<cols>3</cols>
<dt>f</dt>
<data>
1.056119e+00 1.101273e-01 -2.007165e+02 -1.901953e-01
1.069921e+00 1.958591e+01 -1.878319e-04 2.837653e-04 1.000000e+00 </data></homografia_opt0003>
</opencv_storage>