<?xml version="1.0"?>
<opencv_storage>
<homografia_opt0011 type_id="opencv-matrix">
<rows>3</rows>
<cols>3</cols>
<dt>f</dt>
<data>
9.776799e-01 -1.776569e-01 1.303237e+02 2.146348e-01
9.727050e-01 -9.270702e+00 -5.827531e-05 -8.182121e-05 1.000000e+00 </data></homografia_opt0011>
</opencv_storage>