<?xml version="1.0"?>
<opencv_storage>
<homografia_opt0013 type_id="opencv-matrix">
<rows>3</rows>
<cols>3</cols>
<dt>f</dt>
<data>
1.060153e+00 -1.792825e-01 1.662252e+02 1.859053e-01
8.776990e-01 -2.720062e+01 -1.682621e-05 -1.882745e-04 1.000000e+00 </data></homografia_opt0013>
</opencv_storage>