<?xml version="1.0"?>
<opencv_storage>
<homografia_opt0006 type_id="opencv-matrix">
<rows>3</rows>
<cols>3</cols>
<dt>f</dt>
<data>
1.066640e+00 1.493305e-01 -1.600872e+02 -3.492176e-02
1.060293e+00 -1.878591e+01 -1.583973e-04 4.001870e-04 1.000000e+00 </data></homografia_opt0006>
</opencv_storage>