<?xml version="1.0"?>
<opencv_storage>
<homografia_opt0008 type_id="opencv-matrix">
<rows>3</rows>
<cols>3</cols>
<dt>f</dt>
<data>
1.027703e+00 -3.237704e-02 -3.482615e+01 4.007578e-02
9.723743e-01 6.798159e+01 -2.703151e-04 1.288406e-04 1.000000e+00 </data></homografia_opt0008>
</opencv_storage>