<?xml version="1.0"?>
<opencv_storage>
<cumhom0016 type_id="opencv-matrix">
  <rows>3</rows>
  <cols>3</cols>
  <dt>f</dt>
  <data>
    1.00363374e+00 -1.41327038e-01 1.52371979e+00 3.86503309e-01
    9.17079270e-01 9.32094421e+01 2.73970421e-04 -9.53690673e-04
    1.10240555e+00</data></cumhom0016>
</opencv_storage>
