<?xml version="1.0"?>
<opencv_storage>
<homografia_opt0006 type_id="opencv-matrix">
<rows>3</rows>
<cols>3</cols>
<dt>f</dt>
<data>
1.080985e+00 2.320913e-01 -1.612805e+02 -1.008850e-01
1.080697e+00 -9.232162e+00 -5.451591e-04 9.409756e-04 1.000000e+00 </data></homografia_opt0006>
</opencv_storage>