<?xml version="1.0"?>
<opencv_storage>
<homografia_opt0008 type_id="opencv-matrix">
<rows>3</rows>
<cols>3</cols>
<dt>f</dt>
<data>
9.535284e-01 -2.915899e-02 -3.481942e+01 -1.459560e-02
1.076346e+00 6.837339e+01 3.345772e-04 -7.374539e-05 1.000000e+00 </data></homografia_opt0008>
</opencv_storage>