<?xml version="1.0"?>
<opencv_storage>
<homografia_opt0015 type_id="opencv-matrix">
<rows>3</rows>
<cols>3</cols>
<dt>f</dt>
<data>
9.763407e-01 -1.931415e-01 1.028744e+02 1.142088e-01
9.811190e-01 -1.088776e+02 -2.722318e-04 1.577976e-04 1.000000e+00 </data></homografia_opt0015>
</opencv_storage>