<?xml version="1.0"?>
<opencv_storage>
<homografia_opt0004 type_id="opencv-matrix">
<rows>3</rows>
<cols>3</cols>
<dt>f</dt>
<data>
1.083904e+00 7.006730e-02 -1.220516e+02 -7.774835e-02
9.908370e-01 3.330464e+01 4.556178e-06 1.017912e-04 1.000000e+00 </data></homografia_opt0004>
</opencv_storage>