<?xml version="1.0"?>
<opencv_storage>
<homografia_opt0002 type_id="opencv-matrix">
<rows>3</rows>
<cols>3</cols>
<dt>f</dt>
<data>
1.046222e+00 -2.678890e-02 -1.311861e+02 -2.208940e-02
9.901092e-01 -8.484206e+01 1.148918e-05 -2.255324e-04 1.000000e+00 </data></homografia_opt0002>
</opencv_storage>