<?xml version="1.0"?>
<opencv_storage>
<homografia_opt0013 type_id="opencv-matrix">
<rows>3</rows>
<cols>3</cols>
<dt>f</dt>
<data>
1.075334e+00 -2.059896e-01 1.661191e+02 1.623035e-01
9.549849e-01 -2.801675e+01 3.351555e-05 1.402850e-04 1.000000e+00 </data></homografia_opt0013>
</opencv_storage>