<?xml version="1.0"?>
<opencv_storage>
<homografia_opt0007 type_id="opencv-matrix">
<rows>3</rows>
<cols>3</cols>
<dt>f</dt>
<data>
9.678243e-01 5.342276e-02 -4.902860e+01 -1.117147e-01
1.037899e+00 8.503740e+01 4.465979e-04 4.616332e-04 1.000000e+00 </data></homografia_opt0007>
</opencv_storage>