<?xml version="1.0"?>
<opencv_storage>
<cumhom0012 type_id="opencv-matrix">
  <rows>3</rows>
  <cols>3</cols>
  <dt>f</dt>
  <data>
    1.02061534e+00 2.20913678e-01 -3.69446259e+02 -1.68851003e-01
    1.08813691e+00 2.91222534e+02 3.80244572e-04 -6.75859221e-04
    7.46568859e-01</data></cumhom0012>
</opencv_storage>
