<?xml version="1.0"?>
<opencv_storage>
<homografia_opt0006 type_id="opencv-matrix">
<rows>3</rows>
<cols>3</cols>
<dt>f</dt>
<data>
1.131281e+00 1.998369e-01 -1.571210e+02 -1.990932e-02
1.124956e+00 -1.309930e+01 -4.842122e-05 1.285624e-04 1.000000e+00 </data></homografia_opt0006>
</opencv_storage>