<?xml version="1.0"?>
<opencv_storage>
<homografia_opt0003 type_id="opencv-matrix">
<rows>3</rows>
<cols>3</cols>
<dt>f</dt>
<data>
1.098428e+00 1.500052e-01 -2.035019e+02 -1.432696e-01
1.114458e+00 1.255888e+01 -1.436405e-04 -9.942229e-06 1.000000e+00 </data></homografia_opt0003>
</opencv_storage>