<?xml version="1.0"?>
<opencv_storage>
<homografia_opt0007 type_id="opencv-matrix">
<rows>3</rows>
<cols>3</cols>
<dt>f</dt>
<data>
1.014214e+00 1.458493e-01 -4.552190e+01 -1.319262e-01
9.904560e-01 8.182709e+01 -8.833663e-05 2.231149e-04 1.000000e+00 </data></homografia_opt0007>
</opencv_storage>