<?xml version="1.0"?>
<opencv_storage>
<homografia_opt0010 type_id="opencv-matrix">
<rows>3</rows>
<cols>3</cols>
<dt>f</dt>
<data>
1.006843e+00 -2.074992e-01 2.650311e+01 1.435447e-01
9.619298e-01 2.476098e+01 1.055247e-04 2.682658e-04 1.000000e+00 </data></homografia_opt0010>
</opencv_storage>