<?xml version="1.0"?>
<opencv_storage>
<homografia_opt0006 type_id="opencv-matrix">
<rows>3</rows>
<cols>3</cols>
<dt>f</dt>
<data>
1.068341e+00 1.670594e-01 -1.614501e+02 -5.953789e-02
1.062942e+00 -9.971488e+00 -1.585205e-04 2.495161e-05 1.000000e+00 </data></homografia_opt0006>
</opencv_storage>