<?xml version="1.0"?>
<opencv_storage>
<homografia_opt0014 type_id="opencv-matrix">
<rows>3</rows>
<cols>3</cols>
<dt>f</dt>
<data>
9.608631e-01 -5.539857e-02 1.186316e+02 1.081043e-01
9.915529e-01 -2.523617e+01 -5.955684e-05 4.862718e-05 1.000000e+00 </data></homografia_opt0014>
</opencv_storage>