<?xml version="1.0"?>
<opencv_storage>
<homografia_opt0012 type_id="opencv-matrix">
<rows>3</rows>
<cols>3</cols>
<dt>f</dt>
<data>
9.732170e-01 9.277899e-02 6.529898e+01 1.108753e-01
1.103616e+00 -6.846323e+00 7.999368e-04 7.401260e-04 1.000000e+00 </data></homografia_opt0012>
</opencv_storage>