<?xml version="1.0"?>
<opencv_storage>
<homografia_opt0009 type_id="opencv-matrix">
<rows>3</rows>
<cols>3</cols>
<dt>f</dt>
<data>
9.242414e-01 -2.697475e-01 -2.590520e+01 6.495075e-02
1.018455e+00 3.121313e+01 6.818296e-04 -8.307288e-04 1.000000e+00 </data></homografia_opt0009>
</opencv_storage>