<?xml version="1.0"?>
<opencv_storage>
<homografia_opt0005 type_id="opencv-matrix">
<rows>3</rows>
<cols>3</cols>
<dt>f</dt>
<data>
8.403129e-01 8.157377e-02 -4.005209e+01 -1.710778e-01
9.341390e-01 8.896318e+01 3.947161e-04 -9.363493e-04 1.000000e+00 </data></homografia_opt0005>
</opencv_storage>