<?xml version="1.0"?>
<opencv_storage>
<homografia_opt0013 type_id="opencv-matrix">
<rows>3</rows>
<cols>3</cols>
<dt>f</dt>
<data>
1.298213e+00 -1.058677e-01 1.657209e+02 2.603363e-01
9.193038e-01 -2.838178e+01 1.550943e-04 -9.979141e-05 1.000000e+00 </data></homografia_opt0013>
</opencv_storage>