<?xml version="1.0"?>
<opencv_storage>
<homografia_opt0011 type_id="opencv-matrix">
<rows>3</rows>
<cols>3</cols>
<dt>f</dt>
<data>
9.786463e-01 -1.422472e-01 1.298638e+02 2.090694e-01
9.643685e-01 -9.637049e+00 -4.638872e-05 1.547232e-04 1.000000e+00 </data></homografia_opt0011>
</opencv_storage>