<?xml version="1.0"?>
<opencv_storage>
<homografia_opt0016 type_id="opencv-matrix">
<rows>3</rows>
<cols>3</cols>
<dt>f</dt>
<data>
1.029646e+00 1.807437e-02 -2.278978e+01 -1.843243e-01
1.059461e+00 -5.634847e+01 -1.460570e-03 2.691528e-03 1.000000e+00 </data></homografia_opt0016>
</opencv_storage>