<?xml version="1.0"?>
<opencv_storage>
<homografia_opt0004 type_id="opencv-matrix">
<rows>3</rows>
<cols>3</cols>
<dt>f</dt>
<data>
9.872975e-01 1.382575e-01 -1.225704e+02 -1.182991e-01
9.618309e-01 3.427060e+01 -1.066221e-04 2.618367e-04 1.000000e+00 </data></homografia_opt0004>
</opencv_storage>