<?xml version="1.0"?>
<opencv_storage>
<homografia_opt0007 type_id="opencv-matrix">
<rows>3</rows>
<cols>3</cols>
<dt>f</dt>
<data>
1.012339e+00 1.110912e-01 -4.959580e+01 -1.376529e-01
9.929037e-01 8.443602e+01 1.715574e-04 1.254392e-04 1.000000e+00 </data></homografia_opt0007>
</opencv_storage>