<?xml version="1.0"?>
<opencv_storage>
<homografia_opt0003 type_id="opencv-matrix">
<rows>3</rows>
<cols>3</cols>
<dt>f</dt>
<data>
1.048373e+00 1.350290e-01 -2.009962e+02 -1.012829e-01
1.078973e+00 1.689108e+01 -1.171198e-04 2.758698e-04 1.000000e+00 </data></homografia_opt0003>
</opencv_storage>