<?xml version="1.0"?>
<opencv_storage>
<homografia_opt0001 type_id="opencv-matrix">
<rows>3</rows>
<cols>3</cols>
<dt>f</dt>
<data>
9.788698e-01 -2.269509e-02 -1.166813e+00 -5.604072e-02
9.889766e-01 1.176616e+00 -8.865550e-05 1.197213e-04 1.000000e+00 </data></homografia_opt0001>
</opencv_storage>