<?xml version="1.0"?>
<opencv_storage>
<homografia_opt0011 type_id="opencv-matrix">
<rows>3</rows>
<cols>3</cols>
<dt>f</dt>
<data>
9.338302e-01 -7.238347e-02 1.296040e+02 2.371757e-01
9.606386e-01 -1.407188e+01 -1.328772e-03 -5.818196e-04 1.000000e+00 </data></homografia_opt0011>
</opencv_storage>