<?xml version="1.0"?>
<opencv_storage>
<homografia_opt0013 type_id="opencv-matrix">
<rows>3</rows>
<cols>3</cols>
<dt>f</dt>
<data>
1.066974e+00 -1.896264e-01 1.656304e+02 1.665213e-01
9.215454e-01 -2.858687e+01 1.273755e-04 -2.289953e-04 1.000000e+00 </data></homografia_opt0013>
</opencv_storage>