<?xml version="1.0"?>
<opencv_storage>
<homografia_opt0014 type_id="opencv-matrix">
<rows>3</rows>
<cols>3</cols>
<dt>f</dt>
<data>
8.973707e-01 2.949283e-02 1.183382e+02 -1.096827e-01
1.059396e+00 -2.515020e+01 -9.202417e-05 4.382568e-04 1.000000e+00 </data></homografia_opt0014>
</opencv_storage>