<?xml version="1.0"?>
<opencv_storage>
<homografia_opt0005 type_id="opencv-matrix">
<rows>3</rows>
<cols>3</cols>
<dt>f</dt>
<data>
7.886507e-01 2.005996e-02 -4.007822e+01 -1.669021e-01
8.703280e-01 8.468827e+01 2.223680e-04 -1.058392e-03 1.000000e+00 </data></homografia_opt0005>
</opencv_storage>