<?xml version="1.0"?>
<opencv_storage>
<homografia_opt0015 type_id="opencv-matrix">
<rows>3</rows>
<cols>3</cols>
<dt>f</dt>
<data>
1.080780e+00 -9.493992e-02 1.015929e+02 1.164454e-01
1.001864e+00 -1.091637e+02 -2.399455e-04 -3.820589e-04 1.000000e+00 </data></homografia_opt0015>
</opencv_storage>