<?xml version="1.0"?>
<opencv_storage>
<homografia_opt0012 type_id="opencv-matrix">
<rows>3</rows>
<cols>3</cols>
<dt>f</dt>
<data>
9.977793e-01 -8.502247e-02 6.578741e+01 3.243403e-02
9.638270e-01 -6.104780e+00 -6.454429e-06 -1.637224e-04 1.000000e+00 </data></homografia_opt0012>
</opencv_storage>