<?xml version="1.0"?>
<opencv_storage>
<homografia_opt0010 type_id="opencv-matrix">
<rows>3</rows>
<cols>3</cols>
<dt>f</dt>
<data>
9.458680e-01 -1.502457e-01 2.564430e+01 9.453820e-02
9.620775e-01 2.636145e+01 -1.920615e-04 5.438903e-05 1.000000e+00 </data></homografia_opt0010>
</opencv_storage>