<?xml version="1.0"?>
<opencv_storage>
<homografia_opt0002 type_id="opencv-matrix">
<rows>3</rows>
<cols>3</cols>
<dt>f</dt>
<data>
1.020704e+00 4.495355e-02 -1.320786e+02 1.579462e-01
9.768095e-01 -8.525021e+01 3.404978e-04 6.258859e-04 1.000000e+00 </data></homografia_opt0002>
</opencv_storage>