<?xml version="1.0"?>
<opencv_storage>
<homografia_opt0009 type_id="opencv-matrix">
<rows>3</rows>
<cols>3</cols>
<dt>f</dt>
<data>
1.041441e+00 -1.228436e-01 -2.643194e+01 1.354503e-02
9.810795e-01 3.600680e+01 -1.944371e-05 -2.594120e-05 1.000000e+00 </data></homografia_opt0009>
</opencv_storage>