<?xml version="1.0"?>
<opencv_storage>
<homografia_opt0008 type_id="opencv-matrix">
<rows>3</rows>
<cols>3</cols>
<dt>f</dt>
<data>
9.809797e-01 -1.513254e-02 -3.526788e+01 -2.966715e-02
1.018040e+00 7.011777e+01 -3.782043e-05 2.680272e-04 1.000000e+00 </data></homografia_opt0008>
</opencv_storage>